0
1
2
3
4
5
6
7
8
9
10
11
12
13
14
15
16
17
18
19
20
21
22
23
24
25
26
27
28
29
30
31
32
33
34
35
36
37
38
39
40
41
42
43
44
45
46
47
48
49
50
51
52
53
54
55
56
57
58
59
60
61
62
63
64
65
66
67
68
69
70
71
72
73
74
75
76
77
78
79
80
81
82
83
84
85
86
87
88
89
90
91
92
93
94
95
96
97
98
99
#
0 1 0
0 2 1
0 3 1
0 4 2
0 5 2
0 6 3
0 7 3
0 8 4
0 9 4
0 10 5
0 11 5
0 12 6
0 13 6
0 14 7
0 15 7
0 16 8
0 17 8
0 18 9
0 19 9
0 20 10
0 21 10
0 22 11
0 23 11
0 24 12
0 25 12
0 26 13
0 27 13
0 28 14
0 29 14
0 30 15
0 31 15
0 32 16
0 33 16
0 34 17
0 35 17
0 36 18
0 37 18
0 38 19
0 39 19
0 40 20
0 41 20
0 42 21
0 43 21
0 44 22
0 45 22
0 46 23
0 47 23
0 48 24
0 49 24
0 50 25
0 51 25
0 52 26
0 53 26
0 54 27
0 55 27
0 56 28
0 57 28
0 58 29
0 59 29
0 60 30
0 61 30
0 62 31
0 63 31
0 64 32
0 65 32
0 66 33
0 67 33
0 68 34
0 69 34
0 70 35
0 71 35
0 72 36
0 73 36
0 74 37
0 75 37
0 76 38
0 77 38
0 78 39
0 79 39
0 80 40
0 81 40
0 82 41
0 83 41
0 84 42
0 85 42
0 86 43
0 87 43
0 88 44
0 89 44
0 90 45
0 91 45
0 92 46
0 93 46
0 94 47
0 95 47
0 96 48
0 97 48
0 98 49
0 99 49
1 2 1
1 3 2
1 4 2
1 5 3
1 6 3
1 7 4
1 8 4
1 9 5
1 10 5
1 11 6
1 12 6
1 13 7
1 14 7
1 15 8
1 16 8
1 17 9
1 18 9
1 19 10
1 20 10
1 21 11
1 22 11
1 23 12
1 24 12
1 25 13
1 26 13
1 27 14
1 28 14
1 29 15
1 30 15
1 31 16
1 32 16
1 33 17
1 34 17
1 35 18
1 36 18
1 37 19
1 38 19
1 39 20
1 40 20
1 41 21
1 42 21
1 43 22
1 44 22
1 45 23
1 46 23
1 47 24
1 48 24
1 49 25
1 50 25
1 51 26
1 52 26
1 53 27
1 54 27
1 55 28
1 56 28
1 57 29
1 58 29
1 59 30
1 60 30
1 61 31
1 62 31
1 63 32
1 64 32
1 65 33
1 66 33
1 67 34
1 68 34
1 69 35
1 70 35
1 71 36
1 72 36
1 73 37
1 74 37
1 75 38
1 76 38
1 77 39
1 78 39
1 79 40
1 80 40
1 81 41
1 82 41
1 83 42
1 84 42
1 85 43
1 86 43
1 87 44
1 88 44
1 89 45
1 90 45
1 91 46
1 92 46
1 93 47
1 94 47
1 95 48
1 96 48
1 97 49
1 98 49
1 99 50
2 3 2
2 4 3
2 5 3
2 6 4
2 7 4
2 8 5
2 9 5
2 10 6
2 11 6
2 12 7
2 13 7
2 14 8
2 15 8
2 16 9
2 17 9
2 18 10
2 19 10
2 20 11
2 21 11
2 22 12
2 23 12
2 24 13
2 25 13
2 26 14
2 27 14
2 28 15
2 29 15
2 30 16
2 31 16
2 32 17
2 33 17
2 34 18
2 35 18
2 36 19
2 37 19
2 38 20
2 39 20
2 40 21
2 41 21
2 42 22
2 43 22
2 44 23
2 45 2
2 46 24
2 47 24
2 48 25
2 49 25
2 50 26
2 51 26
2 52 27
2 53 27
2 54 28
2 55 28
2 56 29
2 57 29
2 58 30
2 59 30
2 60 31
2 61 31
2 62 32
2 63 32
2 64 33
2 65 33
2 66 34
2 67 34
2 68 35
2 69 35
2 70 36
2 71 36
2 72 37
2 73 37
2 74 38
2 75 38
2 76 39
2 77 39
2 78 40
2 79 40
2 80 41
2 81 41
2 82 42
2 83 42
2 84 43
2 85 43
2 86 44
2 87 44
2 88 45
2 89 45
2 90 46
2 91 46
2 92 47
2 93 47
2 94 48
2 95 48
2 96 49
2 97 49
2 98 50
2 99 50
3 4 3
3 5 4
3 6 4
3 7 5
3 8 5
3 9 6
3 10 6
3 11 7
3 12 7
3 13 8
3 14 8
3 15 9
3 16 9
3 17 10
3 18 10
3 19 11
3 20 11
3 21 12
3 22 12
3 23 13
3 24 13
3 25 14
3 26 14
3 27 15
3 28 15
3 29 16
3 30 16
3 31 17
3 32 17
3 33 18
3 34 18
3 35 19
3 36 19
3 37 20
3 38 20
3 39 21
3 40 21
3 41 22
3 42 22
3 43 23
3 44 23
3 45 24
3 46 24
3 47 25
3 48 25
3 49 26
3 50 26
3 51 27
3 52 27
3 53 28
3 54 28
3 55 29
3 56 29
3 57 30
3 58 30
3 59 31
3 60 31
3 61 32
3 62 32
3 63 33
3 64 33
3 65 34
3 66 34
3 67 35
3 68 35
3 69 36
3 70 36
3 71 37
3 72 37
3 73 38
3 74 38
3 75 39
3 76 39
3 77 40
3 78 40
3 79 41
3 80 41
3 81 42
3 82 42
3 83 43
3 84 43
3 85 44
3 86 44
3 87 45
3 88 45
3 89 46
3 90 46
3 91 47
3 92 47
3 93 48
3 94 48
3 95 49
3 96 49
3 97 50
3 98 50
3 99 51
4 5 4
4 6 5
4 7 5
4 8 6
4 9 6
4 10 7
4 11 7
4 12 8
4 13 8
4 14 9
4 15 9
4 16 10
4 17 10
4 18 11
4 19 11
4 20 12
4 21 12
4 22 13
4 23 13
4 24 14
4 25 14
4 26 15
4 27 15
4 28 16
4 29 16
4 30 17
4 31 17
4 32 18
4 33 18
4 34 19
4 35 19
4 36 20
4 37 20
4 38 21
4 39 21
4 40 22
4 41 22
4 42 23
4 43 23
4 44 24
4 45 24
4 46 25
4 47 25
4 48 26
4 49 26
4 50 27
4 51 27
4 52 28
4 53 28
4 54 29
4 55 29
4 56 30
4 57 30
4 58 31
4 59 31
4 60 32
4 61 32
4 62 33
4 63 33
4 64 34
4 65 34
4 66 35
4 67 35
4 68 36
4 69 36
4 70 37
4 71 37
4 72 38
4 73 38
4 74 39
4 75 39
4 76 40
4 77 40
4 78 41
4 79 41
4 80 42
4 81 42
4 82 43
4 83 43
4 84 44
4 85 44
4 86 45
4 87 45
4 88 46
4 89 46
4 90 47
4 91 47
4 92 48
4 93 48
4 94 49
4 95 49
4 96 50
4 97 50
4 98 51
4 99 51
5 6 5
5 7 6
5 8 6
5 9 7
5 10 7
5 11 8
5 12 8
5 13 9
5 14 9
5 15 10
5 16 10
5 17 11
5 18 11
5 19 12
5 20 12
5 21 13
5 22 13
5 23 14
5 24 14
5 25 15
5 26 15
5 27 16
5 28 16
5 29 17
5 30 17
5 31 18
5 32 18
5 33 19
5 34 19
5 35 20
5 36 20
5 37 21
5 38 21
5 39 22
5 40 22
5 41 23
5 42 23
5 43 24
5 44 24
5 45 25
5 46 25
5 47 26
5 48 26
5 49 27
5 50 27
5 51 28
5 52 28
5 53 29
5 54 29
5 55 30
5 56 30
5 57 31
5 58 31
5 59 32
5 60 32
5 61 33
5 62 33
5 63 34
5 64 34
5 65 35
5 66 35
5 67 36
5 68 36
5 69 37
5 70 37
5 71 38
5 72 38
5 73 39
5 74 39
5 75 40
5 76 40
5 77 41
5 78 41
5 79 42
5 80 42
5 81 43
5 82 43
5 83 44
5 84 44
5 85 45
5 86 45
5 87 46
5 88 46
5 89 47
5 90 47
5 91 48
5 92 48
5 93 49
5 94 49
5 95 50
5 96 50
5 97 51
5 98 51
5 99 52
6 7 6
6 8 7
6 9 7
6 10 8
6 11 8
6 12 9
6 13 9
6 14 10
6 15 10
6 16 11
6 17 11
6 18 12
6 19 12
6 20 13
6 21 13
6 22 14
6 23 14
6 24 15
6 25 15
6 26 16
6 27 16
6 28 17
6 29 17
6 30 18
6 31 18
6 32 19
6 33 19
6 34 20
6 35 20
6 36 21
6 37 21
6 38 22
6 39 22
6 40 23
6 41 23
6 42 24
6 43 24
6 44 25
6 45 25
6 46 26
6 47 26
6 48 27
6 49 27
6 50 28
6 51 28
6 52 29
6 53 29
6 54 30
6 55 30
6 56 31
6 57 31
6 58 32
6 59 32
6 60 33
6 61 33
6 62 34
6 63 34
6 64 35
6 65 35
6 66 36
6 67 36
6 68 37
6 69 37
6 70 38
6 71 38
6 72 39
6 73 39
6 74 40
6 75 40
6 76 41
6 77 41
6 78 42
6 79 42
6 80 43
6 81 43
6 82 44
6 83 44
6 84 45
6 85 45
6 86 46
6 87 46
6 88 47
6 89 47
6 90 48
6 91 48
6 92 49
6 93 49
6 94 50
6 95 50
6 96 51
6 97 51
6 98 52
6 99 52
7 8 7
7 9 8
7 10 8
7 11 9
7 12 9
7 13 10
7 14 10
7 15 11
7 16 11
7 17 12
7 18 12
7 19 13
7 20 13
7 21 14
7 22 14
7 23 15
7 24 15
7 25 16
7 26 16
7 27 17
7 28 17
7 29 18
7 30 18
7 31 19
7 32 19
7 33 20
7 34 20
7 35 21
7 36 21
7 37 22
7 38 22
7 39 23
7 40 23
7 41 24
7 42 24
7 43 25
7 44 25
7 45 26
7 46 26
7 47 27
7 48 27
7 49 28
7 50 28
7 51 29
7 52 29
7 53 30
7 54 30
7 55 31
7 56 31
7 57 32
7 58 32
7 59 33
7 60 33
7 61 34
7 62 34
7 63 35
7 64 35
7 65 36
7 66 36
7 67 37
7 68 37
7 69 38
7 70 38
7 71 39
7 72 39
7 73 40
7 74 40
7 75 41
7 76 41
7 77 42
7 78 42
7 79 43
7 80 43
7 81 44
7 82 44
7 83 45
7 84 45
7 85 46
7 86 46
7 87 47
7 88 47
7 89 48
7 90 48
7 91 49
7 92 49
7 93 50
7 94 50
7 95 51
7 96 51
7 97 52
7 98 52
7 99 53
8 9 8
8 10 9
8 11 9
8 12 10
8 13 10
8 14 11
8 15 11
8 16 12
8 17 12
8 18 13
8 19 13
8 20 14
8 21 14
8 22 15
8 23 15
8 24 16
8 25 16
8 26 17
8 27 17
8 28 18
8 29 18
8 30 19
8 31 19
8 32 20
8 33 20
8 34 21
8 35 21
8 36 22
8 37 22
8 38 23
8 39 23
8 40 24
8 41 24
8 42 25
8 43 25
8 44 26
8 45 26
8 46 27
8 47 27
8 48 28
8 49 28
8 50 29
8 51 29
8 52 30
8 53 30
8 54 31
8 55 31
8 56 32
8 57 32
8 58 33
8 59 33
8 60 34
8 61 34
8 62 35
8 63 35
8 64 36
8 65 36
8 66 37
8 67 37
8 68 38
8 69 38
8 70 39
8 71 39
8 72 40
8 73 40
8 74 41
8 75 41
8 76 42
8 77 42
8 78 43
8 79 43
8 80 44
8 81 44
8 82 45
8 83 45
8 84 46
8 85 46
8 86 47
8 87 47
8 88 48
8 89 48
8 90 49
8 91 49
8 92 50
8 93 50
8 94 51
8 95 51
8 96 52
8 97 52
8 98 53
8 99 53
9 10 9
9 11 10
9 12 10
9 13 11
9 14 11
9 15 12
9 16 12
9 17 13
9 18 13
9 19 14
9 20 14
9 21 15
9 22 15
9 23 16
9 24 16
9 25 17
9 26 17
9 27 18
9 28 18
9 29 19
9 30 19
9 31 20
9 32 20
9 33 21
9 34 21
9 35 22
9 36 22
9 37 23
9 38 23
9 39 24
9 40 24
9 41 25
9 42 25
9 43 26
9 44 26
9 45 27
9 46 27
9 47 28
9 48 28
9 49 29
9 50 29
9 51 30
9 52 30
9 53 31
9 54 31
9 55 32
9 56 32
9 57 33
9 58 33
9 59 34
9 60 34
9 61 35
9 62 35
9 63 36
9 64 36
9 65 37
9 66 37
9 67 38
9 68 38
9 69 39
9 70 39
9 71 40
9 72 40
9 73 41
9 74 41
9 75 42
9 76 42
9 77 43
9 78 43
9 79 44
9 80 44
9 81 45
9 82 45
9 83 46
9 84 46
9 85 47
9 86 47
9 87 48
9 88 48
9 89 49
9 90 49
9 91 50
9 92 50
9 93 51
9 94 51
9 95 52
9 96 52
9 97 53
9 98 53
9 99 54
10 11 10
10 12 11
10 13 11
10 14 12
10 15 12
10 16 13
10 17 13
10 18 14
10 19 14
10 20 15
10 21 15
10 22 16
10 23 16
10 24 17
10 25 17
10 26 18
10 27 18
10 28 19
10 29 19
10 30 20
10 31 20
10 32 21
10 33 21
10 34 22
10 35 22
10 36 23
10 37 23
10 38 24
10 39 24
10 40 25
10 41 25
10 42 26
10 43 26
10 44 27
10 45 27
10 46 28
10 47 28
10 48 29
10 49 29
10 50 30
10 51 30
10 52 31
10 53 31
10 54 32
10 55 32
10 56 33
10 57 33
10 58 34
10 59 34
10 60 35
10 61 35
10 62 36
10 63 36
10 64 37
10 65 37
10 66 38
10 67 38
10 68 39
10 69 39
10 70 40
10 71 40
10 72 41
10 73 41
10 74 42
10 75 42
10 76 43
10 77 43
10 78 44
10 79 44
10 80 45
10 81 45
10 82 46
10 83 46
10 84 47
10 85 47
10 86 48
10 87 48
10 88 49
10 89 49
10 90 50
10 91 50
10 92 51
10 93 51
10 94 52
10 95 52
10 96 53
10 97 53
10 98 54
10 99 54
11 12 11
11 13 12
11 14 12
11 15 13
11 16 13
11 17 14
11 18 14
11 19 15
11 20 15
11 21 16
11 22 16
11 23 17
11 24 17
11 25 18
11 26 18
11 27 19
11 28 19
11 29 20
11 30 20
11 31 21
11 32 21
11 33 22
11 34 22
11 35 23
11 36 23
11 37 24
11 38 24
11 39 25
11 40 25
11 41 26
11 42 26
11 43 27
11 44 27
11 45 28
11 46 28
11 47 29
11 48 29
11 49 30
11 50 30
11 51 31
11 52 31
11 53 32
11 54 32
11 55 33
11 56 33
11 57 34
11 58 34
11 59 35
11 60 35
11 61 36
11 62 36
11 63 37
11 64 37
11 65 38
11 66 38
11 67 39
11 68 39
11 69 40
11 70 40
11 71 41
11 72 41
11 73 42
11 74 42
11 75 43
11 76 43
11 77 44
11 78 44
11 79 45
11 80 45
11 81 46
11 82 46
11 83 47
11 84 47
11 85 48
11 86 48
11 87 49
11 88 49
11 89 50
11 90 50
11 91 51
11 92 51
11 93 52
11 94 52
11 95 53
11 96 53
11 97 54
11 98 54
11 99 55
12 13 12
12 14 13
12 15 13
12 16 14
12 17 14
12 18 15
12 19 15
12 20 16
12 21 16
12 22 17
12 23 17
12 24 18
12 25 18
12 26 19
12 27 19
12 28 20
12 29 20
12 30 21
12 31 21
12 32 22
12 33 22
12 34 23
12 35 23
12 36 24
12 37 24
12 38 25
12 39 25
12 40 26
12 41 26
12 42 27
12 43 27
12 44 28
12 45 28
12 46 29
12 47 29
12 48 30
12 49 30
12 50 31
12 51 31
12 52 32
12 53 32
12 54 33
12 55 33
12 56 34
12 57 34
12 58 35
12 59 35
12 60 36
12 61 36
12 62 37
12 63 37
12 64 38
12 65 38
12 66 39
12 67 39
12 68 40
12 69 40
12 70 41
12 71 41
12 72 42
12 73 42
12 74 43
12 75 43
12 76 44
12 77 44
12 78 45
12 79 45
12 80 46
12 81 46
12 82 47
12 83 47
12 84 48
12 85 48
12 86 49
12 87 49
12 88 50
12 89 50
12 90 51
12 91 51
12 92 52
12 93 52
12 94 53
12 95 53
12 96 54
12 97 54
12 98 55
12 99 55
13 14 13
13 15 14
13 16 14
13 17 15
13 18 15
13 19 16
13 20 16
13 21 17
13 22 17
13 23 18
13 24 18
13 25 19
13 26 19
13 27 20
13 28 20
13 29 21
13 30 21
13 31 22
13 32 22
13 33 23
13 34 23
13 35 24
13 36 24
13 37 25
13 38 25
13 39 26
13 40 26
13 41 27
13 42 27
13 43 28
13 44 28
13 45 29
13 46 29
13 47 30
13 48 30
13 49 31
13 50 31
13 51 32
13 52 32
13 53 33
13 54 33
13 55 34
13 56 34
13 57 35
13 58 35
13 59 36
13 60 36
13 61 37
13 62 37
13 63 38
13 64 38
13 65 39
13 66 39
13 67 40
13 68 40
13 69 41
13 70 41
13 71 42
13 72 42
13 73 43
13 74 43
13 75 44
13 76 44
13 77 45
13 78 45
13 79 46
13 80 46
13 81 47
13 82 47
13 83 48
13 84 48
13 85 49
13 86 49
13 87 50
13 88 50
13 89 51
13 90 51
13 91 52
13 92 52
13 93 53
13 94 53
13 95 54
13 96 54
13 97 55
13 98 55
13 99 56
14 15 14
14 16 15
14 17 15
14 18 16
14 19 16
14 20 17
14 21 17
14 22 18
14 23 18
14 24 19
14 25 19
14 26 20
14 27 20
14 28 21
14 29 21
14 30 22
14 31 22
14 32 23
14 33 23
14 34 24
14 35 24
14 36 25
14 37 25
14 38 26
14 39 26
14 40 27
14 41 27
14 42 28
14 43 28
14 44 29
14 45 29
14 46 30
14 47 30
14 48 31
14 49 31
14 50 32
14 51 32
14 52 33
14 53 33
14 54 34
14 55 34
14 56 35
14 57 35
14 58 36
14 59 36
14 60 37
14 61 37
14 62 38
14 63 38
14 64 39
14 65 39
14 66 40
14 67 40
14 68 41
14 69 41
14 70 42
14 71 42
14 72 43
14 73 43
14 74 44
14 75 44
14 76 45
14 77 45
14 78 46
14 79 46
14 80 47
14 81 47
14 82 48
14 83 48
14 84 49
14 85 49
14 86 50
14 87 50
14 88 51
14 89 51
14 90 52
14 91 52
14 92 53
14 93 53
14 94 54
14 95 54
14 96 55
14 97 55
14 98 56
14 99 56
15 16 15
15 17 16
15 18 16
15 19 17
15 20 17
15 21 18
15 22 18
15 23 19
15 24 19
15 25 20
15 26 20
15 27 21
15 28 21
15 29 22
15 30 22
15 31 23
15 32 23
15 33 24
15 34 24
15 35 25
15 36 25
15 37 26
15 38 26
15 39 27
15 40 27
15 41 28
15 42 28
15 43 29
15 44 29
15 45 30
15 46 30
15 47 31
15 48 31
15 49 32
15 50 32
15 51 33
15 52 33
15 53 34
15 54 34
15 55 35
15 56 35
15 57 36
15 58 36
15 59 37
15 60 37
15 61 38
15 62 38
15 63 39
15 64 39
15 65 40
15 66 40
15 67 41
15 68 41
15 69 42
15 70 42
15 71 43
15 72 43
15 73 44
15 74 44
15 75 45
15 76 45
15 77 46
15 78 46
15 79 47
15 80 47
15 81 48
15 82 48
15 83 49
15 84 49
15 85 50
15 86 50
15 87 51
15 88 51
15 89 52
15 90 52
15 91 53
15 92 53
15 93 54
15 94 54
15 95 55
15 96 55
15 97 56
15 98 56
15 99 57
16 17 16
16 18 17
16 19 17
16 20 18
16 21 18
16 22 19
16 23 19
16 24 20
16 25 20
16 26 21
16 27 21
16 28 22
16 29 22
16 30 23
16 31 23
16 32 24
16 33 24
16 34 25
16 35 25
16 36 26
16 37 26
16 38 27
16 39 27
16 40 28
16 41 28
16 42 29
16 43 29
16 44 30
16 45 30
16 46 31
16 47 31
16 48 32
16 49 32
16 50 33
16 51 33
16 52 34
16 53 34
16 54 35
16 55 35
16 56 36
16 57 36
16 58 37
16 59 37
16 60 38
16 61 38
16 62 39
16 63 39
16 64 40
16 65 40
16 66 41
16 67 41
16 68 42
16 69 42
16 70 43
16 71 43
16 72 44
16 73 44
16 74 45
16 75 45
16 76 46
16 77 46
16 78 47
16 79 47
16 80 48
16 81 48
16 82 49
16 83 49
16 84 50
16 85 50
16 86 51
16 87 51
16 88 52
16 89 52
16 90 53
16 91 53
16 92 54
16 93 54
16 94 55
16 95 55
16 96 56
16 97 56
16 98 57
16 99 57
17 18 17
17 19 18
17 20 18
17 21 19
17 22 19
17 23 20
17 24 20
17 25 21
17 26 21
17 27 22
17 28 22
17 29 23
17 30 23
17 31 24
17 32 24
17 33 25
17 34 25
17 35 26
17 36 26
17 37 27
17 38 27
17 39 28
17 40 28
17 41 29
17 42 29
17 43 30
17 44 30
17 45 31
17 46 31
17 47 32
17 48 32
17 49 33
17 50 33
17 51 34
17 52 34
17 53 35
17 54 35
17 55 36
17 56 36
17 57 37
17 58 37
17 59 38
17 60 38
17 61 39
17 62 39
17 63 40
17 64 40
17 65 41
17 66 41
17 67 42
17 68 42
17 69 43
17 70 43
17 71 44
17 72 44
17 73 45
17 74 45
17 75 46
17 76 46
17 77 47
17 78 47
17 79 48
17 80 48
17 81 49
17 82 49
17 83 50
17 84 50
17 85 51
17 86 51
17 87 52
17 88 52
17 89 53
17 90 53
17 91 54
17 92 54
17 93 55
17 94 55
17 95 56
17 96 56
17 97 57
17 98 57
17 99 58
18 19 18
18 20 19
18 21 19
18 22 20
18 23 20
18 24 21
18 25 21
18 26 22
18 27 22
18 28 23
18 29 23
18 30 24
18 31 24
18 32 25
18 33 25
18 34 26
18 35 26
18 36 27
18 37 27
18 38 28
18 39 28
18 40 29
18 41 29
18 42 30
18 43 30
18 44 31
18 45 31
18 46 32
18 47 32
18 48 33
18 49 33
18 50 34
18 51 34
18 52 35
18 53 35
18 54 36
18 55 36
18 56 37
18 57 37
18 58 38
18 59 38
18 60 39
18 61 39
18 62 40
18 63 40
18 64 41
18 65 41
18 66 42
18 67 42
18 68 43
18 69 43
18 70 44
18 71 44
18 72 45
18 73 45
18 74 46
18 75 46
18 76 47
18 77 47
18 78 48
18 79 48
18 80 49
18 81 49
18 82 50
18 83 50
18 84 51
18 85 51
18 86 52
18 87 52
18 88 53
18 89 53
18 90 54
18 91 54
18 92 55
18 93 55
18 94 56
18 95 56
18 96 57
18 97 57
18 98 58
18 99 58
19 20 19
19 21 20
19 22 20
19 23 21
19 24 21
19 25 22
19 26 22
19 27 23
19 28 23
19 29 24
19 30 24
19 31 25
19 32 25
19 33 26
19 34 26
19 35 27
19 36 27
19 37 28
19 38 28
19 39 29
19 40 29
19 41 30
19 42 30
19 43 31
19 44 31
19 45 32
19 46 32
19 47 33
19 48 33
19 49 34
19 50 34
19 51 35
19 52 35
19 53 36
19 54 36
19 55 37
19 56 37
19 57 38
19 58 38
19 59 39
19 60 39
19 61 40
19 62 40
19 63 41
19 64 41
19 65 42
19 66 42
19 67 43
19 68 43
19 69 44
19 70 44
19 71 45
19 72 45
19 73 46
19 74 46
19 75 47
19 76 47
19 77 48
19 78 48
19 79 49
19 80 49
19 81 50
19 82 50
19 83 51
19 84 51
19 85 52
19 86 52
19 87 53
19 88 53
19 89 54
19 90 54
19 91 55
19 92 55
19 93 56
19 94 56
19 95 57
19 96 57
19 97 58
19 98 58
19 99 59
20 21 20
20 22 21
20 23 21
20 24 22
20 25 22
20 26 23
20 27 23
20 28 24
20 29 24
20 30 25
20 31 25
20 32 26
20 33 26
20 34 27
20 35 27
20 36 28
20 37 28
20 38 29
20 39 29
20 40 30
20 41 30
20 42 31
20 43 31
20 44 32
20 45 32
20 46 33
20 47 33
20 48 34
20 49 34
20 50 35
20 51 35
20 52 36
20 53 36
20 54 37
20 55 37
20 56 38
20 57 38
20 58 39
20 59 39
20 60 40
20 61 40
20 62 41
20 63 41
20 64 42
20 65 42
20 66 43
20 67 43
20 68 44
20 69 44
20 70 45
20 71 45
20 72 46
20 73 46
20 74 47
20 75 47
20 76 48
20 77 48
20 78 49
20 79 49
20 80 50
20 81 50
20 82 51
20 83 51
20 84 52
20 85 52
20 86 53
20 87 53
20 88 54
20 89 54
20 90 55
20 91 55
20 92 56
20 93 56
20 94 57
20 95 57
20 96 58
20 97 58
20 98 59
20 99 59
21 22 21
21 23 22
21 24 22
21 25 23
21 26 23
21 27 24
21 28 24
21 29 25
21 30 25
21 31 26
21 32 26
21 33 27
21 34 27
21 35 28
21 36 28
21 37 29
21 38 29
21 39 30
21 40 30
21 41 31
21 42 31
21 43 32
21 44 32
21 45 33
21 46 33
21 47 34
21 48 34
21 49 35
21 50 35
21 51 36
21 52 36
21 53 37
21 54 37
21 55 38
21 56 38
21 57 39
21 58 39
21 59 40
21 60 40
21 61 41
21 62 41
21 63 42
21 64 42
21 65 43
21 66 43
21 67 44
21 68 44
21 69 45
21 70 45
21 71 46
21 72 46
21 73 47
21 74 47
21 75 48
21 76 48
21 77 49
21 78 49
21 79 50
21 80 50
21 81 51
21 82 51
21 83 52
21 84 52
21 85 53
21 86 53
21 87 54
21 88 54
21 89 55
21 90 55
21 91 56
21 92 56
21 93 57
21 94 57
21 95 58
21 96 58
21 97 59
21 98 59
21 99 60
22 23 22
22 24 23
22 25 23
22 26 24
22 27 24
22 28 25
22 29 25
22 30 26
22 31 26
22 32 27
22 33 27
22 34 28
22 35 28
22 36 29
22 37 29
22 38 30
22 39 30
22 40 31
22 41 31
22 42 32
22 43 32
22 44 33
22 45 33
22 46 34
22 47 34
22 48 35
22 49 35
22 50 36
22 51 36
22 52 37
22 53 37
22 54 38
22 55 38
22 56 39
22 57 39
22 58 40
22 59 40
22 60 41
22 61 41
22 62 42
22 63 42
22 64 43
22 65 43
22 66 44
22 67 44
22 68 45
22 69 45
22 70 46
22 71 46
22 72 47
22 73 47
22 74 48
22 75 48
22 76 49
22 77 49
22 78 50
22 79 50
22 80 51
22 81 51
22 82 52
22 83 52
22 84 53
22 85 53
22 86 54
22 87 54
22 88 55
22 89 55
22 90 56
22 91 56
22 92 57
22 93 57
22 94 58
22 95 58
22 96 59
22 97 59
22 98 60
22 99 60
23 24 23
23 25 24
23 26 24
23 27 25
23 28 25
23 29 26
23 30 26
23 31 27
23 32 27
23 33 28
23 34 28
23 35 29
23 36 29
23 37 30
23 38 30
23 39 31
23 40 31
23 41 32
23 42 32
23 43 33
23 44 33
23 45 34
23 46 34
23 47 35
23 48 35
23 49 36
23 50 36
23 51 37
23 52 37
23 53 38
23 54 38
23 55 39
23 56 39
23 57 40
23 58 40
23 59 41
23 60 41
23 61 42
23 62 42
23 63 43
23 64 43
23 65 44
23 66 44
23 67 45
23 68 45
23 69 46
23 70 46
23 71 47
23 72 47
23 73 48
23 74 48
23 75 49
23 76 49
23 77 50
23 78 50
23 79 51
23 80 51
23 81 52
23 82 52
23 83 53
23 84 53
23 85 54
23 86 54
23 87 55
23 88 55
23 89 56
23 90 56
23 91 57
23 92 57
23 93 58
23 94 58
23 95 59
23 96 59
23 97 60
23 98 60
23 99 61
24 25 24
24 26 25
24 27 25
24 28 26
24 29 26
24 30 27
24 31 27
24 32 28
24 33 28
24 34 29
24 35 29
24 36 30
24 37 30
24 38 31
24 39 31
24 40 32
24 41 32
24 42 33
24 43 33
24 44 34
24 45 34
24 46 35
24 47 35
24 48 36
24 49 36
24 50 37
24 51 37
24 52 38
24 53 38
24 54 39
24 55 39
24 56 40
24 57 40
24 58 41
24 59 41
24 60 42
24 61 42
24 62 43
24 63 43
24 64 44
24 65 44
24 66 45
24 67 45
24 68 46
24 69 46
24 70 47
24 71 47
24 72 48
24 73 48
24 74 49
24 75 49
24 76 50
24 77 50
24 78 51
24 79 51
24 80 52
24 81 52
24 82 53
24 83 53
24 84 54
24 85 54
24 86 55
24 87 55
24 88 56
24 89 56
24 90 57
24 91 57
24 92 58
24 93 58
24 94 59
24 95 59
24 96 60
24 97 60
24 98 61
24 99 61
25 26 25
25 27 26
25 28 26
25 29 27
25 30 27
25 31 28
25 32 28
25 33 29
25 34 29
25 35 30
25 36 30
25 37 31
25 38 31
25 39 32
25 40 32
25 41 33
25 42 33
25 43 34
25 44 34
25 45 35
25 46 35
25 47 36
25 48 36
25 49 37
25 50 37
25 51 38
25 52 38
25 53 39
25 54 39
25 55 40
25 56 40
25 57 41
25 58 41
25 59 42
25 60 42
25 61 43
25 62 43
25 63 44
25 64 44
25 65 45
25 66 45
25 67 46
25 68 46
25 69 47
25 70 47
25 71 48
25 72 48
25 73 49
25 74 49
25 75 50
25 76 50
25 77 51
25 78 51
25 79 52
25 80 52
25 81 53
25 82 53
25 83 54
25 84 54
25 85 55
25 86 55
25 87 56
25 88 56
25 89 57
25 90 57
25 91 58
25 92 58
25 93 59
25 94 59
25 95 60
25 96 60
25 97 61
25 98 61
25 99 62
26 27 26
26 28 27
26 29 27
26 30 28
26 31 28
26 32 29
26 33 29
26 34 30
26 35 30
26 36 31
26 37 31
26 38 32
26 39 32
26 40 33
26 41 33
26 42 34
26 43 34
26 44 35
26 45 35
26 46 36
26 47 36
26 48 37
26 49 37
26 50 38
26 51 38
26 52 39
26 53 39
26 54 40
26 55 40
26 56 41
26 57 41
26 58 42
26 59 42
26 60 43
26 61 43
26 62 44
26 63 44
26 64 45
26 65 45
26 66 46
26 67 46
26 68 47
26 69 47
26 70 48
26 71 48
26 72 49
26 73 49
26 74 50
26 75 50
26 76 51
26 77 51
26 78 52
26 79 52
26 80 53
26 81 53
26 82 54
26 83 54
26 84 55
26 85 55
26 86 56
26 87 56
26 88 57
26 89 57
26 90 58
26 91 58
26 92 59
26 93 59
26 94 60
26 95 60
26 96 61
26 97 61
26 98 62
26 99 62
27 28 27
27 29 28
27 30 28
27 31 29
27 32 29
27 33 30
27 34 30
27 35 31
27 36 31
27 37 32
27 38 32
27 39 33
27 40 33
27 41 34
27 42 34
27 43 35
27 44 35
27 45 36
27 46 36
27 47 37
27 48 37
27 49 38
27 50 38
27 51 39
27 52 39
27 53 40
27 54 40
27 55 41
27 56 41
27 57 42
27 58 42
27 59 43
27 60 43
27 61 44
27 62 44
27 63 45
27 64 45
27 65 46
27 66 46
27 67 47
27 68 47
27 69 48
27 70 48
27 71 49
27 72 49
27 73 50
27 74 50
27 75 51
27 76 51
27 77 52
27 78 52
27 79 53
27 80 53
27 81 54
27 82 54
27 83 55
27 84 55
27 85 56
27 86 56
27 87 57
27 88 57
27 89 58
27 90 58
27 91 59
27 92 59
27 93 60
27 94 60
27 95 61
27 96 61
27 97 62
27 98 62
27 99 63
28 29 28
28 30 29
28 31 29
28 32 30
28 33 30
28 34 31
28 35 31
28 36 32
28 37 32
28 38 33
28 39 33
28 40 34
28 41 34
28 42 35
28 43 35
28 44 36
28 45 36
28 46 37
28 47 37
28 48 38
28 49 38
28 50 39
28 51 39
28 52 40
28 53 40
28 54 41
28 55 41
28 56 42
28 57 42
28 58 43
28 59 43
28 60 44
28 61 44
28 62 45
28 63 45
28 64 46
28 65 46
28 66 47
28 67 47
28 68 48
28 69 48
28 70 49
28 71 49
28 72 50
28 73 50
28 74 51
28 75 51
28 76 52
28 77 52
28 78 53
28 79 53
28 80 54
28 81 54
28 82 55
28 83 55
28 84 56
28 85 56
28 86 57
28 87 57
28 88 58
28 89 58
28 90 59
28 91 59
28 92 60
28 93 60
28 94 61
28 95 61
28 96 62
28 97 62
28 98 63
28 99 63
29 30 29
29 31 30
29 32 30
29 33 31
29 34 31
29 35 32
29 36 32
29 37 33
29 38 33
29 39 34
29 40 34
29 41 35
29 42 35
29 43 36
29 44 36
29 45 37
29 46 37
29 47 38
29 48 38
29 49 39
29 50 39
29 51 40
29 52 40
29 53 41
29 54 41
29 55 42
29 56 42
29 57 43
29 58 43
29 59 44
29 60 44
29 61 45
29 62 45
29 63 46
29 64 46
29 65 47
29 66 47
29 67 48
29 68 48
29 69 49
29 70 49
29 71 50
29 72 50
29 73 51
29 74 51
29 75 52
29 76 52
29 77 53
29 78 53
29 79 54
29 80 54
29 81 55
29 82 55
29 83 56
29 84 56
29 85 57
29 86 57
29 87 58
29 88 58
29 89 59
29 90 59
29 91 60
29 92 60
29 93 61
29 94 61
29 95 62
29 96 62
29 97 63
29 98 63
29 99 64
30 31 30
30 32 31
30 33 31
30 34 32
30 35 32
30 36 33
30 37 33
30 38 34
30 39 34
30 40 35
30 41 35
30 42 36
30 43 36
30 44 37
30 45 37
30 46 38
30 47 38
30 48 39
30 49 39
30 50 40
30 51 40
30 52 41
30 53 41
30 54 42
30 55 42
30 56 43
30 57 43
30 58 44
30 59 44
30 60 45
30 61 45
30 62 46
30 63 46
30 64 47
30 65 47
30 66 48
30 67 48
30 68 49
30 69 49
30 70 50
30 71 50
30 72 51
30 73 51
30 74 52
30 75 52
30 76 53
30 77 53
30 78 54
30 79 54
30 80 55
30 81 55
30 82 56
30 83 56
30 84 57
30 85 57
30 86 58
30 87 58
30 88 59
30 89 59
30 90 60
30 91 60
30 92 61
30 93 61
30 94 62
30 95 62
30 96 63
30 97 63
30 98 64
30 99 64
31 32 31
31 33 32
31 34 32
31 35 33
31 36 33
31 37 34
31 38 34
31 39 35
31 40 35
31 41 36
31 42 36
31 43 37
31 44 37
31 45 38
31 46 38
31 47 39
31 48 39
31 49 40
31 50 40
31 51 41
31 52 41
31 53 42
31 54 42
31 55 43
31 56 43
31 57 44
31 58 44
31 59 45
31 60 45
31 61 46
31 62 46
31 63 47
31 64 47
31 65 48
31 66 48
31 67 49
31 68 49
31 69 50
31 70 50
31 71 51
31 72 51
31 73 52
31 74 52
31 75 53
31 76 53
31 77 54
31 78 54
31 79 55
31 80 55
31 81 56
31 82 56
31 83 57
31 84 57
31 85 58
31 86 58
31 87 59
31 88 59
31 89 60
31 90 60
31 91 61
31 92 61
31 93 62
31 94 62
31 95 63
31 96 63
31 97 64
31 98 64
31 99 65
32 33 32
32 34 33
32 35 33
32 36 34
32 37 34
32 38 35
32 39 35
32 40 36
32 41 36
32 42 37
32 43 37
32 44 38
32 45 38
32 46 39
32 47 39
32 48 40
32 49 40
32 50 41
32 51 41
32 52 42
32 53 42
32 54 43
32 55 43
32 56 44
32 57 44
32 58 45
32 59 45
32 60 46
32 61 46
32 62 47
32 63 47
32 64 48
32 65 48
32 66 49
32 67 49
32 68 50
32 69 50
32 70 51
32 71 51
32 72 52
32 73 52
32 74 53
32 75 53
32 76 54
32 77 54
32 78 55
32 79 55
32 80 56
32 81 56
32 82 57
32 83 57
32 84 58
32 85 58
32 86 59
32 87 59
32 88 60
32 89 60
32 90 61
32 91 61
32 92 62
32 93 62
32 94 63
32 95 63
32 96 64
32 97 64
32 98 65
32 99 65
33 34 33
33 35 34
33 36 34
33 37 35
33 38 35
33 39 36
33 40 36
33 41 37
33 42 37
33 43 38
33 44 38
33 45 39
33 46 39
33 47 40
33 48 40
33 49 41
33 50 41
33 51 42
33 52 42
33 53 43
33 54 43
33 55 44
33 56 44
33 57 45
33 58 45
33 59 46
33 60 46
33 61 47
33 62 47
33 63 48
33 64 48
33 65 49
33 66 49
33 67 50
33 68 50
33 69 51
33 70 51
33 71 52
33 72 52
33 73 53
33 74 53
33 75 54
33 76 54
33 77 55
33 78 55
33 79 56
33 80 56
33 81 57
33 82 57
33 83 58
33 84 58
33 85 59
33 86 59
33 87 60
33 88 60
33 89 61
33 90 61
33 91 62
33 92 62
33 93 63
33 94 63
33 95 64
33 96 64
33 97 65
33 98 65
33 99 66
34 35 34
34 36 35
34 37 35
34 38 36
34 39 36
34 40 37
34 41 37
34 42 38
34 43 38
34 44 39
34 45 39
34 46 40
34 47 40
34 48 41
34 49 41
34 50 42
34 51 42
34 52 43
34 53 43
34 54 44
34 55 44
34 56 45
34 57 45
34 58 46
34 59 46
34 60 47
34 61 47
34 62 48
34 63 48
34 64 49
34 65 49
34 66 50
34 67 50
34 68 51
34 69 51
34 70 52
34 71 52
34 72 53
34 73 53
34 74 54
34 75 54
34 76 55
34 77 55
34 78 56
34 79 56
34 80 57
34 81 57
34 82 58
34 83 58
34 84 59
34 85 59
34 86 60
34 87 60
34 88 61
34 89 61
34 90 62
34 91 62
34 92 63
34 93 63
34 94 64
34 95 64
34 96 65
34 97 65
34 98 66
34 99 66
35 36 35
35 37 36
35 38 36
35 39 37
35 40 37
35 41 38
35 42 38
35 43 39
35 44 39
35 45 40
35 46 40
35 47 41
35 48 41
35 49 42
35 50 42
35 51 43
35 52 43
35 53 44
35 54 44
35 55 45
35 56 45
35 57 46
35 58 46
35 59 47
35 60 47
35 61 48
35 62 48
35 63 49
35 64 49
35 65 50
35 66 50
35 67 51
35 68 51
35 69 52
35 70 52
35 71 53
35 72 53
35 73 54
35 74 54
35 75 55
35 76 55
35 77 56
35 78 56
35 79 57
35 80 57
35 81 58
35 82 58
35 83 59
35 84 59
35 85 60
35 86 60
35 87 61
35 88 61
35 89 62
35 90 62
35 91 63
35 92 63
35 93 64
35 94 64
35 95 65
35 96 65
35 97 66
35 98 66
35 99 67
36 37 36
36 38 37
36 39 37
36 40 38
36 41 38
36 42 39
36 43 39
36 44 40
36 45 40
36 46 41
36 47 41
36 48 42
36 49 42
36 50 43
36 51 43
36 52 44
36 53 44
36 54 45
36 55 45
36 56 46
36 57 46
36 58 47
36 59 47
36 60 48
36 61 48
36 62 49
36 63 49
36 64 50
36 65 50
36 66 51
36 67 51
36 68 52
36 69 52
36 70 53
36 71 53
36 72 54
36 73 54
36 74 55
36 75 55
36 76 56
36 77 56
36 78 57
36 79 57
36 80 58
36 81 58
36 82 59
36 83 59
36 84 60
36 85 60
36 86 61
36 87 61
36 88 62
36 89 62
36 90 63
36 91 63
36 92 64
36 93 64
36 94 65
36 95 65
36 96 66
36 97 66
36 98 67
36 99 67
37 38 37
37 39 38
37 40 38
37 41 39
37 42 39
37 43 40
37 44 40
37 45 41
37 46 41
37 47 42
37 48 42
37 49 43
37 50 43
37 51 44
37 52 44
37 53 45
37 54 45
37 55 46
37 56 46
37 57 47
37 58 47
37 59 48
37 60 48
37 61 49
37 62 49
37 63 50
37 64 50
37 65 51
37 66 51
37 67 52
37 68 52
37 69 53
37 70 53
37 71 54
37 72 54
37 73 55
37 74 55
37 75 56
37 76 56
37 77 57
37 78 57
37 79 58
37 80 58
37 81 59
37 82 59
37 83 60
37 84 60
37 85 61
37 86 61
37 87 62
37 88 62
37 89 63
37 90 63
37 91 64
37 92 64
37 93 65
37 94 65
37 95 66
37 96 66
37 97 67
37 98 67
37 99 68
38 39 38
38 40 39
38 41 39
38 42 40
38 43 40
38 44 41
38 45 41
38 46 42
38 47 42
38 48 43
38 49 43
38 50 44
38 51 44
38 52 45
38 53 45
38 54 46
38 55 46
38 56 47
38 57 47
38 58 48
38 59 48
38 60 49
38 61 49
38 62 50
38 63 50
38 64 51
38 65 51
38 66 52
38 67 52
38 68 53
38 69 53
38 70 54
38 71 54
38 72 55
38 73 55
38 74 56
38 75 56
38 76 57
38 77 57
38 78 58
38 79 58
38 80 59
38 81 59
38 82 60
38 83 60
38 84 61
38 85 61
38 86 62
38 87 62
38 88 63
38 89 63
38 90 64
38 91 64
38 92 65
38 93 65
38 94 66
38 95 66
38 96 67
38 97 67
38 98 68
38 99 68
39 40 39
39 41 40
39 42 40
39 43 41
39 44 41
39 45 42
39 46 42
39 47 43
39 48 43
39 49 44
39 50 44
39 51 45
39 52 45
39 53 46
39 54 46
39 55 47
39 56 47
39 57 48
39 58 48
39 59 49
39 60 49
39 61 50
39 62 50
39 63 51
39 64 51
39 65 52
39 66 52
39 67 53
39 68 53
39 69 54
39 70 54
39 71 55
39 72 55
39 73 56
39 74 56
39 75 57
39 76 57
39 77 58
39 78 58
39 79 59
39 80 59
39 81 60
39 82 60
39 83 61
39 84 61
39 85 62
39 86 62
39 87 63
39 88 63
39 89 64
39 90 64
39 91 65
39 92 65
39 93 66
39 94 66
39 95 67
39 96 67
39 97 68
39 98 68
39 99 69
40 41 40
40 42 41
40 43 41
40 44 42
40 45 42
40 46 43
40 47 43
40 48 44
40 49 44
40 50 45
40 51 45
40 52 46
40 53 46
40 54 47
40 55 47
40 56 48
40 57 48
40 58 49
40 59 49
40 60 50
40 61 50
40 62 51
40 63 51
40 64 52
40 65 52
40 66 53
40 67 53
40 68 54
40 69 54
40 70 55
40 71 55
40 72 56
40 73 56
40 74 57
40 75 57
40 76 58
40 77 58
40 78 59
40 79 59
40 80 60
40 81 60
40 82 61
40 83 61
40 84 62
40 85 62
40 86 63
40 87 63
40 88 64
40 89 64
40 90 65
40 91 65
40 92 66
40 93 66
40 94 67
40 95 67
40 96 68
40 97 68
40 98 69
40 99 69
41 42 41
41 43 42
41 44 42
41 45 43
41 46 43
41 47 44
41 48 44
41 49 45
41 50 45
41 51 46
41 52 46
41 53 47
41 54 47
41 55 48
41 56 48
41 57 49
41 58 49
41 59 50
41 60 50
41 61 51
41 62 51
41 63 52
41 64 52
41 65 53
41 66 53
41 67 54
41 68 54
41 69 55
41 70 55
41 71 56
41 72 56
41 73 57
41 74 57
41 75 58
41 76 58
41 77 59
41 78 59
41 79 60
41 80 60
41 81 61
41 82 61
41 83 62
41 84 62
41 85 63
41 86 63
41 87 64
41 88 64
41 89 65
41 90 65
41 91 66
41 92 66
41 93 67
41 94 67
41 95 68
41 96 68
41 97 69
41 98 69
41 99 70
42 43 42
42 44 43
42 45 43
42 46 44
42 47 44
42 48 45
42 49 45
42 50 46
42 51 46
42 52 47
42 53 47
42 54 48
42 55 48
42 56 49
42 57 49
42 58 50
42 59 50
42 60 51
42 61 51
42 62 52
42 63 52
42 64 53
42 65 53
42 66 54
42 67 54
42 68 55
42 69 55
42 70 56
42 71 56
42 72 57
42 73 57
42 74 58
42 75 58
42 76 59
42 77 59
42 78 60
42 79 60
42 80 61
42 81 61
42 82 62
42 83 62
42 84 63
42 85 63
42 86 64
42 87 64
42 88 65
42 89 65
42 90 66
42 91 66
42 92 67
42 93 67
42 94 68
42 95 68
42 96 69
42 97 69
42 98 70
42 99 70
43 44 43
43 45 44
43 46 44
43 47 45
43 48 45
43 49 46
43 50 46
43 51 47
43 52 47
43 53 48
43 54 48
43 55 49
43 56 49
43 57 50
43 58 50
43 59 51
43 60 51
43 61 52
43 62 52
43 63 53
43 64 53
43 65 54
43 66 54
43 67 55
43 68 55
43 69 56
43 70 56
43 71 57
43 72 57
43 73 58
43 74 58
43 75 59
43 76 59
43 77 60
43 78 60
43 79 61
43 80 61
43 81 62
43 82 62
43 83 63
43 84 63
43 85 64
43 86 64
43 87 65
43 88 65
43 89 66
43 90 66
43 91 67
43 92 67
43 93 68
43 94 68
43 95 69
43 96 69
43 97 70
43 98 70
43 99 71
44 45 44
44 46 45
44 47 45
44 48 46
44 49 46
44 50 47
44 51 47
44 52 48
44 53 48
44 54 49
44 55 49
44 56 50
44 57 50
44 58 51
44 59 51
44 60 52
44 61 52
44 62 53
44 63 53
44 64 54
44 65 54
44 66 55
44 67 55
44 68 56
44 69 56
44 70 57
44 71 57
44 72 58
44 73 58
44 74 59
44 75 59
44 76 60
44 77 60
44 78 61
44 79 61
44 80 62
44 81 62
44 82 63
44 83 63
44 84 64
44 85 64
44 86 65
44 87 65
44 88 66
44 89 66
44 90 67
44 91 67
44 92 68
44 93 68
44 94 69
44 95 69
44 96 70
44 97 70
44 98 71
44 99 71
45 46 45
45 47 46
45 48 46
45 49 47
45 50 47
45 51 48
45 52 48
45 53 49
45 54 49
45 55 50
45 56 50
45 57 51
45 58 51
45 59 52
45 60 52
45 61 53
45 62 53
45 63 54
45 64 54
45 65 55
45 66 55
45 67 56
45 68 56
45 69 57
45 70 57
45 71 58
45 72 58
45 73 59
45 74 59
45 75 60
45 76 60
45 77 61
45 78 61
45 79 62
45 80 62
45 81 63
45 82 63
45 83 64
45 84 64
45 85 65
45 86 65
45 87 66
45 88 66
45 89 67
45 90 67
45 91 68
45 92 68
45 93 69
45 94 69
45 95 70
45 96 70
45 97 71
45 98 71
45 99 72
46 47 46
46 48 47
46 49 47
46 50 48
46 51 48
46 52 49
46 53 49
46 54 50
46 55 50
46 56 51
46 57 51
46 58 52
46 59 52
46 60 53
46 61 53
46 62 54
46 63 54
46 64 55
46 65 55
46 66 56
46 67 56
46 68 57
46 69 57
46 70 58
46 71 58
46 72 59
46 73 59
46 74 60
46 75 60
46 76 61
46 77 61
46 78 62
46 79 62
46 80 63
46 81 63
46 82 64
46 83 64
46 84 65
46 85 65
46 86 66
46 87 66
46 88 67
46 89 67
46 90 68
46 91 68
46 92 69
46 93 69
46 94 70
46 95 70
46 96 71
46 97 71
46 98 72
46 99 72
47 48 47
47 49 48
47 50 48
47 51 49
47 52 49
47 53 50
47 54 50
47 55 51
47 56 51
47 57 52
47 58 52
47 59 53
47 60 53
47 61 54
47 62 54
47 63 55
47 64 55
47 65 56
47 66 56
47 67 57
47 68 57
47 69 58
47 70 58
47 71 59
47 72 59
47 73 60
47 74 60
47 75 61
47 76 61
47 77 62
47 78 62
47 79 63
47 80 63
47 81 64
47 82 64
47 83 65
47 84 65
47 85 66
47 86 66
47 87 67
47 88 67
47 89 68
47 90 68
47 91 69
47 92 69
47 93 70
47 94 70
47 95 71
47 96 71
47 97 72
47 98 72
47 99 73
48 49 48
48 50 49
48 51 49
48 52 50
48 53 50
48 54 51
48 55 51
48 56 52
48 57 52
48 58 53
48 59 53
48 60 54
48 61 54
48 62 55
48 63 55
48 64 56
48 65 56
48 66 57
48 67 57
48 68 58
48 69 58
48 70 59
48 71 59
48 72 60
48 73 60
48 74 61
48 75 61
48 76 62
48 77 62
48 78 63
48 79 63
48 80 64
48 81 64
48 82 65
48 83 65
48 84 66
48 85 66
48 86 67
48 87 67
48 88 68
48 89 68
48 90 69
48 91 69
48 92 70
48 93 70
48 94 71
48 95 71
48 96 72
48 97 72
48 98 73
48 99 73
49 50 49
49 51 50
49 52 50
49 53 51
49 54 51
49 55 52
49 56 52
49 57 53
49 58 53
49 59 54
49 60 54
49 61 55
49 62 55
49 63 56
49 64 56
49 65 57
49 66 57
49 67 58
49 68 58
49 69 59
49 70 59
49 71 60
49 72 60
49 73 61
49 74 61
49 75 62
49 76 62
49 77 63
49 78 63
49 79 64
49 80 64
49 81 65
49 82 65
49 83 66
49 84 66
49 85 67
49 86 67
49 87 68
49 88 68
49 89 69
49 90 69
49 91 70
49 92 70
49 93 71
49 94 71
49 95 72
49 96 72
49 97 73
49 98 73
49 99 74
50 51 50
50 52 51
50 53 51
50 54 52
50 55 52
50 56 53
50 57 53
50 58 54
50 59 54
50 60 55
50 61 55
50 62 56
50 63 56
50 64 57
50 65 57
50 66 58
50 67 58
50 68 59
50 69 59
50 70 60
50 71 60
50 72 61
50 73 61
50 74 62
50 75 62
50 76 63
50 77 63
50 78 64
50 79 64
50 80 65
50 81 65
50 82 66
50 83 66
50 84 67
50 85 67
50 86 68
50 87 68
50 88 69
50 89 69
50 90 70
50 91 70
50 92 71
50 93 71
50 94 72
50 95 72
50 96 73
50 97 73
50 98 74
50 99 74
51 52 51
51 53 52
51 54 52
51 55 53
51 56 53
51 57 54
51 58 54
51 59 55
51 60 55
51 61 56
51 62 56
51 63 57
51 64 57
51 65 58
51 66 58
51 67 59
51 68 59
51 69 60
51 70 60
51 71 61
51 72 61
51 73 62
51 74 62
51 75 63
51 76 63
51 77 64
51 78 64
51 79 65
51 80 65
51 81 66
51 82 66
51 83 67
51 84 67
51 85 68
51 86 68
51 87 69
51 88 69
51 89 70
51 90 70
51 91 71
51 92 71
51 93 72
51 94 72
51 95 73
51 96 73
51 97 74
51 98 74
51 99 75
52 53 52
52 54 53
52 55 53
52 56 54
52 57 54
52 58 55
52 59 55
52 60 56
52 61 56
52 62 57
52 63 57
52 64 58
52 65 58
52 66 59
52 67 59
52 68 60
52 69 60
52 70 61
52 71 61
52 72 62
52 73 62
52 74 63
52 75 63
52 76 64
52 77 64
52 78 65
52 79 65
52 80 66
52 81 66
52 82 67
52 83 67
52 84 68
52 85 68
52 86 69
52 87 69
52 88 70
52 89 70
52 90 71
52 91 71
52 92 72
52 93 72
52 94 73
52 95 73
52 96 74
52 97 74
52 98 75
52 99 75
53 54 53
53 55 54
53 56 54
53 57 55
53 58 55
53 59 56
53 60 56
53 61 57
53 62 57
53 63 58
53 64 58
53 65 59
53 66 59
53 67 60
53 68 60
53 69 61
53 70 61
53 71 62
53 72 62
53 73 63
53 74 63
53 75 64
53 76 64
53 77 65
53 78 65
53 79 66
53 80 66
53 81 67
53 82 67
53 83 68
53 84 68
53 85 69
53 86 69
53 87 70
53 88 70
53 89 71
53 90 71
53 91 72
53 92 72
53 93 73
53 94 73
53 95 74
53 96 74
53 97 75
53 98 75
53 99 76
54 55 54
54 56 55
54 57 55
54 58 56
54 59 56
54 60 57
54 61 57
54 62 58
54 63 58
54 64 59
54 65 59
54 66 60
54 67 60
54 68 61
54 69 61
54 70 62
54 71 62
54 72 63
54 73 63
54 74 64
54 75 64
54 76 65
54 77 65
54 78 66
54 79 66
54 80 67
54 81 67
54 82 68
54 83 68
54 84 69
54 85 69
54 86 70
54 87 70
54 88 71
54 89 71
54 90 72
54 91 72
54 92 73
54 93 73
54 94 74
54 95 74
54 96 75
54 97 75
54 98 76
54 99 76
55 56 55
55 57 56
55 58 56
55 59 57
55 60 57
55 61 58
55 62 58
55 63 59
55 64 59
55 65 60
55 66 60
55 67 61
55 68 61
55 69 62
55 70 62
55 71 63
55 72 63
55 73 64
55 74 64
55 75 65
55 76 65
55 77 66
55 78 66
55 79 67
55 80 67
55 81 68
55 82 68
55 83 69
55 84 69
55 85 70
55 86 70
55 87 71
55 88 71
55 89 72
55 90 72
55 91 73
55 92 73
55 93 74
55 94 74
55 95 75
55 96 75
55 97 76
55 98 76
55 99 77
56 57 56
56 58 57
56 59 57
56 60 58
56 61 58
56 62 59
56 63 59
56 64 60
56 65 60
56 66 61
56 67 61
56 68 62
56 69 62
56 70 63
56 71 63
56 72 64
56 73 64
56 74 65
56 75 65
56 76 66
56 77 66
56 78 67
56 79 67
56 80 68
56 81 68
56 82 69
56 83 69
56 84 70
56 85 70
56 86 71
56 87 71
56 88 72
56 89 72
56 90 73
56 91 73
56 92 74
56 93 74
56 94 75
56 95 75
56 96 76
56 97 76
56 98 77
56 99 77
57 58 57
57 59 58
57 60 58
57 61 59
57 62 59
57 63 60
57 64 60
57 65 61
57 66 61
57 67 62
57 68 62
57 69 63
57 70 63
57 71 64
57 72 64
57 73 65
57 74 65
57 75 66
57 76 66
57 77 67
57 78 67
57 79 68
57 80 68
57 81 69
57 82 69
57 83 70
57 84 70
57 85 71
57 86 71
57 87 72
57 88 72
57 89 73
57 90 73
57 91 74
57 92 74
57 93 75
57 94 75
57 95 76
57 96 76
57 97 77
57 98 77
57 99 78
58 59 58
58 60 59
58 61 59
58 62 60
58 63 60
58 64 61
58 65 61
58 66 62
58 67 62
58 68 63
58 69 63
58 70 64
58 71 64
58 72 65
58 73 65
58 74 66
58 75 66
58 76 67
58 77 67
58 78 68
58 79 68
58 80 69
58 81 69
58 82 70
58 83 70
58 84 71
58 85 71
58 86 72
58 87 72
58 88 73
58 89 73
58 90 74
58 91 74
58 92 75
58 93 75
58 94 76
58 95 76
58 96 77
58 97 77
58 98 78
58 99 78
59 60 59
59 61 60
59 62 60
59 63 61
59 64 61
59 65 62
59 66 62
59 67 63
59 68 63
59 69 64
59 70 64
59 71 65
59 72 65
59 73 66
59 74 66
59 75 67
59 76 67
59 77 68
59 78 68
59 79 69
59 80 69
59 81 70
59 82 70
59 83 71
59 84 71
59 85 72
59 86 72
59 87 73
59 88 73
59 89 74
59 90 74
59 91 75
59 92 75
59 93 76
59 94 76
59 95 77
59 96 77
59 97 78
59 98 78
59 99 79
60 61 60
60 62 61
60 63 61
60 64 62
60 65 62
60 66 63
60 67 63
60 68 64
60 69 64
60 70 65
60 71 65
60 72 66
60 73 66
60 74 67
60 75 67
60 76 68
60 77 68
60 78 69
60 79 69
60 80 70
60 81 70
60 82 71
60 83 71
60 84 72
60 85 72
60 86 73
60 87 73
60 88 74
60 89 74
60 90 75
60 91 75
60 92 76
60 93 76
60 94 77
60 95 77
60 96 78
60 97 78
60 98 79
60 99 79
61 62 61
61 63 62
61 64 62
61 65 63
61 66 63
61 67 64
61 68 64
61 69 65
61 70 65
61 71 66
61 72 66
61 73 67
61 74 67
61 75 68
61 76 68
61 77 69
61 78 69
61 79 70
61 80 70
61 81 71
61 82 71
61 83 72
61 84 72
61 85 73
61 86 73
61 87 74
61 88 74
61 89 75
61 90 75
61 91 76
61 92 76
61 93 77
61 94 77
61 95 78
61 96 78
61 97 79
61 98 79
61 99 80
62 63 62
62 64 63
62 65 63
62 66 64
62 67 64
62 68 65
62 69 65
62 70 66
62 71 66
62 72 67
62 73 67
62 74 68
62 75 68
62 76 69
62 77 69
62 78 70
62 79 70
62 80 71
62 81 71
62 82 72
62 83 72
62 84 73
62 85 73
62 86 74
62 87 74
62 88 75
62 89 75
62 90 76
62 91 76
62 92 77
62 93 77
62 94 78
62 95 78
62 96 79
62 97 79
62 98 80
62 99 80
63 64 63
63 65 64
63 66 64
63 67 65
63 68 65
63 69 66
63 70 66
63 71 67
63 72 67
63 73 68
63 74 68
63 75 69
63 76 69
63 77 70
63 78 70
63 79 71
63 80 71
63 81 72
63 82 72
63 83 73
63 84 73
63 85 74
63 86 74
63 87 75
63 88 75
63 89 76
63 90 76
63 91 77
63 92 77
63 93 78
63 94 78
63 95 79
63 96 79
63 97 80
63 98 80
63 99 81
64 65 64
64 66 65
64 67 65
64 68 66
64 69 66
64 70 67
64 71 67
64 72 68
64 73 68
64 74 69
64 75 69
64 76 70
64 77 70
64 78 71
64 79 71
64 80 72
64 81 72
64 82 73
64 83 73
64 84 74
64 85 74
64 86 75
64 87 75
64 88 76
64 89 76
64 90 77
64 91 77
64 92 78
64 93 78
64 94 79
64 95 79
64 96 80
64 97 80
64 98 81
64 99 81
65 66 65
65 67 66
65 68 66
65 69 67
65 70 67
65 71 68
65 72 68
65 73 69
65 74 69
65 75 70
65 76 70
65 77 71
65 78 71
65 79 72
65 80 72
65 81 73
65 82 73
65 83 74
65 84 74
65 85 75
65 86 75
65 87 76
65 88 76
65 89 77
65 90 77
65 91 78
65 92 78
65 93 79
65 94 79
65 95 80
65 96 80
65 97 81
65 98 81
65 99 82
66 67 66
66 68 67
66 69 67
66 70 68
66 71 68
66 72 69
66 73 69
66 74 70
66 75 70
66 76 71
66 77 71
66 78 72
66 79 72
66 80 73
66 81 73
66 82 74
66 83 74
66 84 75
66 85 75
66 86 76
66 87 76
66 88 77
66 89 77
66 90 78
66 91 78
66 92 79
66 93 79
66 94 80
66 95 80
66 96 81
66 97 81
66 98 82
66 99 82
67 68 67
67 69 68
67 70 68
67 71 69
67 72 69
67 73 70
67 74 70
67 75 71
67 76 71
67 77 72
67 78 72
67 79 73
67 80 73
67 81 74
67 82 74
67 83 75
67 84 75
67 85 76
67 86 76
67 87 77
67 88 77
67 89 78
67 90 78
67 91 79
67 92 79
67 93 80
67 94 80
67 95 81
67 96 81
67 97 82
67 98 82
67 99 83
68 69 68
68 70 69
68 71 69
68 72 70
68 73 70
68 74 71
68 75 71
68 76 72
68 77 72
68 78 73
68 79 73
68 80 74
68 81 74
68 82 75
68 83 75
68 84 76
68 85 76
68 86 77
68 87 77
68 88 78
68 89 78
68 90 79
68 91 79
68 92 80
68 93 80
68 94 81
68 95 81
68 96 82
68 97 82
68 98 83
68 99 83
69 70 69
69 71 70
69 72 70
69 73 71
69 74 71
69 75 72
69 76 72
69 77 73
69 78 73
69 79 74
69 80 74
69 81 75
69 82 75
69 83 76
69 84 76
69 85 77
69 86 77
69 87 78
69 88 78
69 89 79
69 90 79
69 91 80
69 92 80
69 93 81
69 94 81
69 95 82
69 96 82
69 97 83
69 98 83
69 99 84
70 71 70
70 72 71
70 73 71
70 74 72
70 75 72
70 76 73
70 77 73
70 78 74
70 79 74
70 80 75
70 81 75
70 82 76
70 83 76
70 84 77
70 85 77
70 86 78
70 87 78
70 88 79
70 89 79
70 90 80
70 91 80
70 92 81
70 93 81
70 94 82
70 95 82
70 96 83
70 97 83
70 98 84
70 99 84
71 72 71
71 73 72
71 74 72
71 75 73
71 76 73
71 77 74
71 78 74
71 79 75
71 80 75
71 81 76
71 82 76
71 83 77
71 84 77
71 85 78
71 86 78
71 87 79
71 88 79
71 89 80
71 90 80
71 91 81
71 92 81
71 93 82
71 94 82
71 95 83
71 96 83
71 97 84
71 98 84
71 99 85
72 73 72
72 74 73
72 75 73
72 76 74
72 77 74
72 78 75
72 79 75
72 80 76
72 81 76
72 82 77
72 83 77
72 84 78
72 85 78
72 86 79
72 87 79
72 88 80
72 89 80
72 90 81
72 91 81
72 92 82
72 93 82
72 94 83
72 95 83
72 96 84
72 97 84
72 98 85
72 99 85
73 74 73
73 75 74
73 76 74
73 77 75
73 78 75
73 79 76
73 80 76
73 81 77
73 82 77
73 83 78
73 84 78
73 85 79
73 86 79
73 87 80
73 88 80
73 89 81
73 90 81
73 91 82
73 92 82
73 93 83
73 94 83
73 95 84
73 96 84
73 97 85
73 98 85
73 99 86
74 75 74
74 76 75
74 77 75
74 78 76
74 79 76
74 80 77
74 81 77
74 82 78
74 83 78
74 84 79
74 85 79
74 86 80
74 87 80
74 88 81
74 89 81
74 90 82
74 91 82
74 92 83
74 93 83
74 94 84
74 95 84
74 96 85
74 97 85
74 98 86
74 99 86
75 76 75
75 77 76
75 78 76
75 79 77
75 80 77
75 81 78
75 82 78
75 83 79
75 84 79
75 85 80
75 86 80
75 87 81
75 88 81
75 89 82
75 90 82
75 91 83
75 92 83
75 93 84
75 94 84
75 95 85
75 96 85
75 97 86
75 98 86
75 99 87
76 77 76
76 78 77
76 79 77
76 80 78
76 81 78
76 82 79
76 83 79
76 84 80
76 85 80
76 86 81
76 87 81
76 88 82
76 89 82
76 90 83
76 91 83
76 92 84
76 93 84
76 94 85
76 95 85
76 96 86
76 97 86
76 98 87
76 99 87
77 78 77
77 79 78
77 80 78
77 81 79
77 82 79
77 83 80
77 84 80
77 85 81
77 86 81
77 87 82
77 88 82
77 89 83
77 90 83
77 91 84
77 92 84
77 93 85
77 94 85
77 95 86
77 96 86
77 97 87
77 98 87
77 99 88
78 79 78
78 80 79
78 81 79
78 82 80
78 83 80
78 84 81
78 85 81
78 86 82
78 87 82
78 88 83
78 89 83
78 90 84
78 91 84
78 92 85
78 93 85
78 94 86
78 95 86
78 96 87
78 97 87
78 98 88
78 99 88
79 80 79
79 81 80
79 82 80
79 83 81
79 84 81
79 85 82
79 86 82
79 87 83
79 88 83
79 89 84
79 90 84
79 91 85
79 92 85
79 93 86
79 94 86
79 95 87
79 96 87
79 97 88
79 98 88
79 99 89
80 81 80
80 82 81
80 83 81
80 84 82
80 85 82
80 86 83
80 87 83
80 88 84
80 89 84
80 90 85
80 91 85
80 92 86
80 93 86
80 94 87
80 95 87
80 96 88
80 97 88
80 98 89
80 99 89
81 82 81
81 83 82
81 84 82
81 85 83
81 86 83
81 87 84
81 88 84
81 89 85
81 90 85
81 91 86
81 92 86
81 93 87
81 94 87
81 95 88
81 96 88
81 97 89
81 98 89
81 99 90
82 83 82
82 84 83
82 85 83
82 86 84
82 87 84
82 88 85
82 89 85
82 90 86
82 91 86
82 92 87
82 93 87
82 94 88
82 95 88
82 96 89
82 97 89
82 98 90
82 99 90
83 84 83
83 85 84
83 86 84
83 87 85
83 88 85
83 89 86
83 90 86
83 91 87
83 92 87
83 93 88
83 94 88
83 95 89
83 96 89
83 97 90
83 98 90
83 99 91
84 85 84
84 86 85
84 87 85
84 88 86
84 89 86
84 90 87
84 91 87
84 92 88
84 93 88
84 94 89
84 95 89
84 96 90
84 97 90
84 98 91
84 99 91
85 86 85
85 87 86
85 88 86
85 89 87
85 90 87
85 91 88
85 92 88
85 93 89
85 94 89
85 95 90
85 96 90
85 97 91
85 98 91
85 99 92
86 87 86
86 88 87
86 89 87
86 90 88
86 91 88
86 92 89
86 93 89
86 94 90
86 95 90
86 96 91
86 97 91
86 98 92
86 99 92
87 88 87
87 89 88
87 90 88
87 91 89
87 92 89
87 93 90
87 94 90
87 95 91
87 96 91
87 97 92
87 98 92
87 99 93
88 89 88
88 90 89
88 91 89
88 92 90
88 93 90
88 94 91
88 95 91
88 96 92
88 97 92
88 98 93
88 99 93
89 90 89
89 91 90
89 92 90
89 93 91
89 94 91
89 95 92
89 96 92
89 97 93
89 98 93
89 99 94
90 91 90
90 92 91
90 93 91
90 94 92
90 95 92
90 96 93
90 97 93
90 98 94
90 99 94
91 92 91
91 93 92
91 94 92
91 95 93
91 96 93
91 97 94
91 98 94
91 99 95
92 93 92
92 94 93
92 95 93
92 96 94
92 97 94
92 98 95
92 99 95
93 94 93
93 95 94
93 96 94
93 97 95
93 98 95
93 99 96
94 95 94
94 96 95
94 97 95
94 98 96
94 99 96
95 96 95
95 97 96
95 98 96
95 99 97
96 97 96
96 98 97
96 99 97
97 98 97
97 99 98
98 99 98
