0
1
2
3
4
5
6
7
8
9
10
11
12
13
14
15
16
17
18
19
20
21
22
23
24
25
26
27
28
29
30
31
32
33
34
35
36
37
38
39
40
41
42
43
44
45
46
47
48
49
#
1 0 49
2 1 58
3 1 72
4 0 78
5 3 9
6 0 65
7 0 42
8 3 3
9 7 29
10 0 12
11 6 69
12 9 57
13 12 33
14 13 78
15 11 35
16 9 26
17 0 67
18 8 33
19 1 49
20 19 21
21 13 72
22 9 36
23 19 45
24 20 91
25 19 57
26 13 53
27 25 44
28 0 90
29 20 96
30 0 3
31 6 66
32 5 24
33 32 53
34 25 8
35 23 33
36 22 81
37 0 13
38 5 14
39 5 36
40 25 69
41 31 94
42 21 1
43 39 95
44 17 4
45 36 98
46 14 23
47 16 82
48 0 66
49 48 37
38 44 1
21 47 28
8 37 77
44 47 4
9 31 45
25 35 98
42 49 68
10 12 57
8 44 95
13 18 30
6 12 42
15 32 52
17 21 95
12 21 1
31 40 38
7 16 90
29 40 35
6 22 98
19 45 54
23 39 60
5 26 23
6 13 70
20 44 66
26 34 94
13 38 44
0 40 59
23 47 85
17 22 39
35 47 96
18 35 15
11 42 79
2 44 95
18 46 92
15 41 33
19 47 53
25 47 10
11 12 8
11 27 25
26 45 67
24 39 31
1 6 72
10 44 84
7 15 93
19 30 55
5 6 63
2 26 8
31 49 44
8 38 97
1 49 3
14 19 75
9 30 29
4 23 60
37 45 17
0 25 56
14 47 48
0 26 12
4 47 4
31 48 65
28 49 9
3 29 83
7 47 73
5 22 76
3 24 30
0 16 44
20 35 16
5 48 33
7 26 78
11 28 14
19 37 33
20 41 62
33 47 31
38 39 73
4 27 58
10 15 47
5 46 7
0 38 26
7 35 13
14 43 60
4 18 57
29 35 15
2 13 17
19 43 67
3 45 73
3 48 85
8 9 6
24 30 32
3 23 97
0 20 31
3 30 0
20 33 58
3 26 50
30 34 79
24 32 49
10 21 79
23 40 50
21 29 18
46 49 30
21 26 24
21 46 64
10 48 51
3 40 51
1 5 80
18 24 49
13 20 25
12 33 88
8 17 50
24 45 57
11 40 66
10 43 53
3 42 52
7 41 10
0 49 27
21 37 14
25 41 17
42 48 15
20 23 11
4 39 5
16 39 56
4 10 98
20 42 16
17 30 52
39 48 1
11 16 91
21 28 71
11 45 20
8 40 53
0 27 11
13 44 33
31 45 42
6 16 15
