0
1
2
3
4
5
6
7
8
9
10
11
12
13
14
15
16
17
18
19
20
21
22
23
24
25
26
27
28
29
30
31
32
33
34
35
36
37
38
39
40
41
42
43
44
45
46
47
48
49
50
51
52
53
54
55
56
57
58
59
60
61
62
63
64
65
66
67
68
69
70
71
72
73
74
75
76
77
78
79
80
81
82
83
84
85
86
87
88
89
90
91
92
93
94
95
96
97
98
99
100
101
102
103
104
105
106
107
108
109
110
111
112
113
114
115
116
117
118
119
120
121
122
123
124
125
126
127
128
129
130
131
132
133
134
135
136
137
138
139
140
141
142
143
144
145
146
147
148
149
150
151
152
153
154
155
156
157
158
159
160
161
162
163
164
165
166
167
168
169
170
171
172
173
174
175
176
177
178
179
180
181
182
183
184
185
186
187
188
189
190
191
192
193
194
195
196
197
198
199
200
201
202
203
204
205
206
207
208
209
210
211
212
213
214
215
216
217
218
219
220
221
222
223
224
225
226
227
228
229
230
231
232
233
234
235
236
237
238
239
240
241
242
243
244
245
246
247
248
249
250
251
252
253
254
255
256
257
258
259
260
261
262
263
264
265
266
267
268
269
270
271
272
273
274
275
276
277
278
279
280
281
282
283
284
285
286
287
288
289
290
291
292
293
294
295
296
297
298
299
300
301
302
303
304
305
306
307
308
309
310
311
312
313
314
315
316
317
318
319
320
321
322
323
324
325
326
327
328
329
330
331
332
333
334
335
336
337
338
339
340
341
342
343
344
345
346
347
348
349
350
351
352
353
354
355
356
357
358
359
360
361
362
363
364
365
366
367
368
369
370
371
372
373
374
375
376
377
378
379
380
381
382
383
384
385
386
387
388
389
390
391
392
393
394
395
396
397
398
399
400
401
402
403
404
405
406
407
408
409
410
411
412
413
414
415
416
417
418
419
420
421
422
423
424
425
426
427
428
429
430
431
432
433
434
435
436
437
438
439
440
441
442
443
444
445
446
447
448
449
450
451
452
453
454
455
456
457
458
459
460
461
462
463
464
465
466
467
468
469
470
471
472
473
474
475
476
477
478
479
480
481
482
483
484
485
486
487
488
489
490
491
492
493
494
495
496
497
498
499
#
1 0 249
2 1 658
3 1 272
4 0 878
5 3 709
6 0 165
7 0 42
8 3 503
9 7 729
10 0 612
11 6 169
12 9 157
13 12 933
14 13 278
15 11 335
16 9 826
17 0 267
18 8 633
19 1 149
20 19 821
21 13 672
22 9 336
23 19 745
24 20 91
25 19 357
26 13 153
27 25 944
28 0 490
29 20 196
30 0 903
31 6 666
32 5 24
33 32 853
34 25 408
35 23 933
36 22 981
37 0 13
38 5 814
39 5 536
40 25 669
41 31 94
42 21 501
43 39 195
44 17 404
45 36 298
46 14 123
47 16 882
48 0 566
49 48 337
50 38 144
51 12 897
52 15 828
53 1 358
54 1 397
55 4 904
56 9 231
57 35 175
58 29 298
59 44 399
60 8 412
61 58 557
62 42 8
63 16 968
64 9 530
65 1 962
66 58 365
67 36 852
68 67 821
69 60 712
70 41 901
71 49 831
72 50 57
73 36 790
74 56 679
75 35 6
76 32 98
77 24 319
78 36 223
79 28 760
80 25 126
81 27 506
82 53 770
83 41 94
84 36 844
85 46 534
86 62 394
87 7 738
88 4 590
89 58 159
90 43 947
91 83 217
92 28 539
93 68 385
94 46 885
95 78 420
96 80 968
97 95 915
98 71 534
99 70 11
100 79 152
101 85 295
102 68 396
103 20 815
104 31 33
105 104 397
106 75 547
107 82 210
108 98 211
109 57 377
110 101 625
111 88 868
112 11 776
113 66 439
114 4 331
115 71 301
116 8 560
117 50 984
118 33 789
119 74 15
120 73 769
121 83 455
122 43 506
123 84 502
124 44 108
125 124 331
126 78 638
127 96 997
128 43 849
129 93 731
130 71 14
131 10 775
132 5 180
133 62 223
134 58 260
135 42 545
136 101 525
137 77 256
138 104 597
139 14 704
140 70 150
141 58 412
142 104 797
143 68 381
144 76 65
145 23 699
146 47 129
147 24 483
148 7 607
149 10 322
150 105 176
151 65 224
152 62 366
153 24 444
154 54 285
155 71 898
156 27 133
157 33 576
158 50 266
159 152 711
160 38 614
161 110 737
162 29 591
163 99 762
164 145 197
165 6 588
166 127 873
167 82 304
168 78 200
169 141 960
170 165 947
171 47 730
172 135 546
173 52 238
174 12 926
175 110 857
176 57 114
177 77 360
178 26 418
179 144 585
180 9 15
181 99 102
182 99 643
183 52 967
184 99 269
185 40 303
186 51 103
187 53 385
188 58 459
189 54 930
190 34 132
191 121 603
192 177 920
193 131 231
194 4 203
195 140 520
196 93 258
197 141 676
198 10 934
199 180 879
200 32 574
201 190 542
202 117 771
203 42 879
204 103 970
205 50 723
206 186 971
207 201 318
208 146 299
209 46 621
210 86 124
211 79 958
212 76 771
213 192 560
214 76 751
215 60 503
216 183 801
217 209 80
218 96 274
219 35 413
220 160 25
221 30 783
222 214 117
223 124 550
224 140 195
225 157 511
226 56 666
227 200 593
228 153 565
229 15 742
230 83 352
231 44 141
232 158 200
233 219 127
234 227 787
235 194 625
236 129 517
237 203 842
238 81 974
239 229 373
240 140 911
241 21 54
242 145 929
243 49 189
244 234 356
245 234 860
246 54 592
247 91 116
248 140 867
249 153 939
250 198 901
251 20 616
252 239 671
253 39 671
254 69 45
255 180 240
256 230 453
257 55 350
258 31 563
259 203 533
260 27 827
261 224 531
262 38 516
263 90 515
264 252 601
265 42 661
266 17 324
267 48 936
268 213 15
269 210 216
270 95 973
271 37 720
272 247 169
273 113 827
274 154 728
275 100 384
276 119 949
277 57 46
278 46 666
279 114 520
280 24 991
281 45 258
282 45 744
283 113 718
284 242 825
285 182 689
286 34 14
287 144 918
288 268 29
289 237 727
290 160 754
291 79 396
292 219 83
293 127 865
294 37 252
295 174 876
296 21 675
297 187 710
298 1 192
299 283 747
300 137 299
301 64 715
302 85 579
303 84 164
304 187 501
305 60 289
306 208 33
307 89 89
308 186 217
309 122 38
310 163 338
311 178 321
312 23 496
313 81 788
314 229 987
315 75 235
316 88 684
317 246 784
318 6 667
319 305 615
320 5 976
321 267 825
322 249 631
323 183 698
324 34 639
325 29 503
326 173 765
327 122 107
328 292 365
329 282 454
330 6 450
331 173 832
332 80 141
333 331 977
334 85 900
335 44 465
336 331 622
337 54 317
338 80 48
339 82 29
340 99 708
341 277 657
342 261 752
343 235 621
344 213 996
345 130 930
346 310 555
347 268 312
348 169 427
349 283 444
350 241 198
351 95 856
352 194 303
353 350 914
354 271 766
355 125 921
356 103 752
357 340 719
358 150 410
359 242 669
360 325 943
361 93 431
362 36 816
363 43 971
364 151 370
365 186 891
366 143 833
367 302 177
368 10 683
369 159 489
370 211 434
371 298 904
372 246 891
373 20 522
374 14 890
375 259 813
376 313 127
377 350 784
378 239 870
379 375 581
380 85 802
381 196 332
382 128 759
383 56 377
384 110 10
385 294 150
386 31 941
387 50 720
388 155 112
389 26 956
390 100 152
391 269 14
392 20 918
393 384 101
394 107 821
395 6 501
396 9 961
397 272 510
398 110 805
399 289 137
400 69 96
401 347 421
402 311 518
403 370 489
404 6 54
405 18 643
406 73 250
407 159 415
408 260 494
409 39 758
410 22 92
411 178 714
412 136 60
413 72 368
414 81 847
415 151 787
416 197 234
417 226 571
418 296 875
419 49 871
420 229 293
421 297 471
422 384 764
423 337 630
424 210 80
425 313 342
426 342 382
427 49 828
428 173 575
429 249 0
430 116 947
431 245 87
432 127 733
433 299 261
434 72 400
435 430 778
436 297 423
437 331 14
438 319 662
439 355 610
440 49 218
441 329 55
442 145 555
443 265 534
444 195 321
445 11 226
446 393 459
447 157 714
448 421 879
449 424 100
450 187 285
451 81 284
452 166 915
453 413 67
454 376 707
455 241 728
456 10 363
457 89 890
458 29 278
459 288 761
460 410 840
461 50 0
462 72 507
463 404 551
464 426 431
465 409 739
466 136 584
467 10 108
468 266 454
469 219 28
470 231 370
471 113 947
472 408 543
473 255 8
474 323 552
475 13 163
476 251 19
477 92 356
478 127 487
479 333 899
480 28 244
481 272 466
482 149 274
483 260 909
484 215 834
485 409 684
486 117 549
487 232 467
488 430 589
489 103 773
490 341 295
491 33 874
492 411 231
493 445 28
494 448 70
495 282 297
496 177 646
497 126 111
498 130 463
499 397 781
230 451 321
128 213 950
100 459 754
194 492 330
59 132 777
132 279 272
81 383 153
21 122 956
91 318 900
120 196 704
99 129 144
175 370 416
80 99 618
288 452 128
162 300 840
149 385 583
15 159 878
61 459 382
48 54 440
270 381 28
44 251 869
95 469 710
172 423 125
219 350 431
243 346 869
170 394 610
64 392 524
19 361 620
62 161 725
434 449 90
260 322 93
122 428 381
366 468 23
139 222 517
293 364 178
271 456 341
336 355 489
120 228 902
116 312 347
351 446 672
23 311 736
105 107 633
53 366 412
40 425 153
233 257 295
139 251 258
160 194 138
375 429 598
133 292 562
236 276 646
373 464 484
119 192 842
328 359 262
145 216 127
172 248 0
370 398 292
45 428 300
143 192 563
272 283 801
9 221 486
13 269 531
319 357 486
316 356 254
254 314 615
37 466 297
260 377 412
191 231 174
377 463 324
284 333 750
27 499 429
109 144 364
312 451 979
134 407 583
100 259 310
253 391 321
225 253 929
53 96 661
358 491 963
268 420 687
26 472 219
141 204 951
92 445 370
462 474 176
317 326 413
71 344 979
35 129 288
348 478 617
223 338 508
426 429 968
199 306 255
276 329 488
319 396 864
137 416 318
183 491 398
120 248 961
18 151 977
161 446 478
63 228 235
6 308 968
119 179 323
177 392 953
353 478 295
271 475 204
32 462 819
31 35 468
110 468 234
270 278 265
45 279 75
187 327 363
37 266 534
83 175 184
55 156 399
93 164 886
133 424 47
194 330 767
165 410 682
305 314 652
85 241 591
260 306 960
403 412 430
85 200 585
467 484 988
186 200 100
199 495 102
183 428 917
136 302 489
78 225 789
95 222 605
191 319 721
14 274 862
206 283 626
301 419 330
144 375 258
131 462 736
220 308 24
8 447 411
0 397 314
396 499 645
33 462 539
254 321 286
10 36 662
173 493 635
71 488 838
321 391 413
60 457 92
243 275 768
413 415 636
347 391 369
134 332 928
143 379 906
54 307 537
203 421 447
34 449 416
259 438 550
183 186 96
24 185 922
181 363 12
202 251 495
36 454 208
31 480 830
95 214 112
136 437 9
185 419 381
110 408 609
367 439 119
266 499 520
15 77 922
142 480 881
30 385 325
436 494 945
102 233 480
334 456 517
281 381 458
305 492 160
151 201 542
135 444 555
372 443 322
13 441 781
18 279 160
229 455 82
32 364 313
195 328 504
211 355 881
110 404 551
116 261 864
122 405 113
136 443 118
188 494 743
2 139 343
70 219 212
317 432 782
97 359 73
90 319 10
15 411 978
42 45 270
8 62 983
99 209 213
50 451 665
2 117 953
299 416 584
369 442 503
15 329 257
264 382 352
26 154 27
255 259 952
386 422 129
49 286 879
198 390 603
186 443 827
85 198 587
31 317 476
63 461 214
332 383 722
11 291 871
142 233 553
30 380 704
387 415 110
58 181 786
40 433 659
62 436 938
26 254 526
95 212 621
177 341 158
20 54 197
227 451 462
332 437 804
57 405 907
258 443 539
197 343 281
457 465 605
117 412 624
184 459 299
216 240 851
346 422 893
49 115 361
149 231 796
123 196 444
238 250 431
359 435 265
301 387 437
120 448 424
275 394 903
286 489 845
143 257 332
78 261 104
31 202 220
130 186 643
148 367 844
249 317 125
273 363 416
180 348 979
314 457 705
189 307 905
27 114 715
308 397 449
29 495 26
366 398 985
18 162 853
79 203 383
59 223 221
34 174 675
202 436 279
250 415 13
350 492 948
83 481 847
206 208 178
267 306 114
410 470 358
117 446 304
156 163 637
234 398 656
8 12 113
224 280 104
73 113 962
377 479 269
131 147 753
133 239 520
97 194 424
371 458 320
18 448 401
17 392 613
80 356 940
94 368 670
149 463 134
371 425 891
150 217 10
25 154 901
392 494 34
46 470 187
65 121 589
365 471 160
110 275 109
194 323 534
414 474 494
375 423 77
127 357 222
74 172 839
39 183 417
30 390 606
12 396 895
16 438 321
184 227 578
460 472 487
81 135 526
30 194 295
258 419 212
312 443 706
93 128 926
233 481 296
61 392 9
124 377 522
52 240 815
180 292 151
52 473 677
126 417 465
239 261 849
7 219 430
325 376 581
159 327 497
193 225 829
322 348 553
379 468 227
424 431 277
0 406 272
101 430 698
49 77 294
127 152 59
77 170 151
84 224 20
15 219 177
195 395 664
100 118 117
117 223 754
68 87 575
122 413 157
82 216 142
8 462 440
170 305 406
201 219 620
317 462 135
252 394 235
110 331 363
347 351 451
49 110 447
234 248 223
88 271 932
256 459 345
202 223 889
319 494 886
107 392 500
401 446 365
244 256 474
275 417 695
364 366 491
291 440 756
59 397 97
63 309 22
85 399 519
220 392 148
53 276 876
297 333 193
8 403 374
266 303 630
81 186 725
169 425 158
185 399 421
114 260 56
53 372 853
81 275 555
48 162 745
452 470 631
263 400 547
370 419 201
82 459 579
29 496 501
156 430 581
362 420 151
45 170 454
93 157 15
308 361 966
173 378 86
30 52 26
210 379 432
272 451 301
187 379 608
36 37 202
123 478 88
9 74 596
123 262 123
346 379 155
174 222 431
157 471 579
27 194 656
36 216 347
84 313 257
57 360 600
13 236 533
410 475 162
266 306 108
7 173 537
55 396 224
408 466 833
57 61 571
76 114 914
235 289 859
138 194 460
343 427 842
121 455 711
80 112 809
190 483 545
434 438 938
264 481 840
50 118 175
98 274 687
88 342 820
282 305 734
46 220 903
120 350 975
342 362 70
142 438 115
177 235 734
267 374 580
196 390 6
43 381 272
138 355 975
120 375 986
197 305 537
95 283 495
176 383 82
151 327 599
305 451 377
6 290 595
161 396 231
106 225 379
24 470 357
53 122 473
3 280 83
82 434 857
41 63 637
187 329 786
94 451 622
6 154 219
217 483 139
192 413 639
68 144 83
365 429 805
387 440 287
179 197 568
363 400 999
1 447 488
205 320 244
72 76 430
319 469 988
129 152 132
58 107 681
62 216 409
48 245 685
208 313 867
105 114 654
335 470 163
458 479 39
59 445 523
244 248 177
237 491 42
277 498 4
56 382 175
133 210 292
170 270 953
328 353 128
82 373 771
300 405 455
121 384 934
328 347 488
285 308 158
274 423 261
372 424 335
356 389 344
247 498 895
383 467 576
336 443 537
146 362 757
96 442 903
288 294 804
155 187 983
65 217 293
256 438 851
190 487 680
26 332 429
207 414 617
138 425 526
45 357 125
307 379 551
141 459 981
325 465 494
64 393 563
1 429 872
53 440 329
232 280 359
40 474 776
89 204 18
468 486 266
162 374 698
27 321 415
227 341 409
158 435 765
272 332 219
194 303 254
16 131 304
183 474 113
44 411 708
259 305 672
172 292 215
13 229 143
9 480 305
49 184 511
209 383 848
285 307 760
80 489 63
66 233 585
174 442 391
163 393 303
198 363 761
177 491 89
297 329 712
69 360 531
211 465 513
50 96 804
123 388 722
316 320 365
372 377 612
76 380 900
41 118 475
419 443 763
58 281 582
152 467 551
395 461 617
127 429 991
286 460 456
1 492 239
384 411 970
13 170 308
120 485 357
245 297 879
199 202 783
167 419 969
137 329 799
118 218 805
315 337 315
24 129 915
466 472 496
160 278 279
324 371 445
77 280 558
115 454 608
108 121 945
95 352 211
10 160 282
282 410 110
301 360 635
20 184 6
105 208 777
49 124 993
44 416 624
61 81 985
138 203 507
13 22 295
183 351 698
300 357 356
89 301 499
10 174 295
28 191 647
81 293 520
168 415 476
24 53 764
295 487 519
193 306 505
231 378 349
209 230 387
132 474 984
53 270 911
164 388 938
107 188 662
158 316 175
477 492 377
29 290 860
27 251 521
240 439 364
136 277 5
11 184 655
159 475 539
149 399 172
474 490 466
222 242 21
334 460 447
293 417 101
248 365 774
332 388 765
2 258 310
219 310 437
236 492 848
8 250 933
37 319 632
93 194 10
311 405 458
53 207 574
164 407 802
314 369 439
14 87 595
67 448 313
60 367 253
170 383 956
226 368 400
322 437 199
71 396 417
158 341 435
388 471 873
107 420 292
52 193 189
13 328 603
198 417 550
46 488 43
188 365 811
266 443 638
4 167 757
46 122 331
120 203 27
451 464 205
229 342 416
150 188 685
173 302 45
115 397 252
386 388 528
122 217 723
196 326 661
79 384 842
97 390 628
311 343 544
425 452 238
72 387 457
15 327 761
282 477 144
228 313 535
239 401 723
323 464 991
458 459 343
27 248 452
8 133 541
121 399 469
230 381 576
7 213 154
398 469 415
147 180 827
288 475 186
247 364 706
38 127 702
79 331 757
146 227 440
238 441 842
2 465 369
11 408 502
343 373 80
2 336 564
401 470 587
40 108 955
205 287 414
165 401 999
159 457 390
43 382 482
239 403 184
104 261 432
27 284 524
356 414 707
108 448 904
335 487 732
136 257 525
64 454 328
123 233 230
244 370 132
285 304 679
155 164 126
179 410 720
1 90 224
349 467 802
4 210 763
160 464 928
101 427 600
44 382 985
69 323 855
178 268 927
274 369 421
57 237 320
289 312 242
183 302 541
67 152 987
107 288 33
281 332 503
232 427 750
470 485 19
23 365 574
217 318 793
34 200 791
119 357 545
112 293 79
18 469 830
49 498 657
190 268 808
372 426 652
117 493 611
231 441 707
263 268 801
237 422 258
46 478 194
83 163 910
84 273 787
232 269 307
262 484 148
130 135 698
94 126 50
134 315 68
91 99 371
69 101 396
373 410 592
11 128 900
12 379 539
69 351 414
364 384 611
144 491 127
399 441 397
6 495 291
38 411 882
318 453 123
3 480 808
373 437 180
293 399 249
143 318 946
75 275 281
276 330 335
128 448 197
161 162 247
314 337 195
130 307 856
325 343 666
15 350 142
23 75 865
12 29 380
157 473 556
223 353 6
376 452 362
211 438 266
294 309 682
144 296 735
158 265 3
403 404 846
450 455 175
127 463 152
211 284 987
116 277 251
183 290 220
290 499 242
311 336 262
160 269 714
66 278 957
350 399 19
143 298 968
1 176 46
220 488 481
211 249 347
344 476 796
78 256 236
139 162 639
479 487 266
100 106 91
356 398 346
133 370 1
90 384 58
94 127 986
89 97 235
227 468 500
40 464 788
210 383 223
123 331 156
214 312 169
162 252 881
235 435 671
70 424 866
126 333 199
126 303 688
241 489 419
181 415 923
298 452 268
389 461 501
183 493 420
42 113 26
250 456 432
306 392 964
402 406 90
219 302 134
275 492 432
94 269 43
427 447 795
293 464 166
94 484 558
166 321 870
92 242 154
45 129 547
272 280 796
197 246 540
106 400 643
281 414 775
217 302 892
11 368 275
137 298 432
237 266 586
4 192 960
115 459 395
281 385 63
64 268 78
4 425 115
26 86 740
223 408 550
59 420 97
18 79 317
30 157 721
51 71 528
22 99 952
249 256 76
148 204 687
14 133 657
59 210 276
16 300 170
55 72 442
286 414 586
129 283 587
87 231 659
85 199 719
71 269 703
96 153 441
148 298 237
21 226 928
63 494 327
198 247 931
190 390 330
129 307 183
39 374 433
146 489 131
155 371 36
146 479 84
374 376 384
385 387 545
249 400 986
308 413 912
27 450 642
185 471 349
354 468 260
96 259 673
185 298 948
119 167 104
133 429 790
94 466 31
269 411 758
257 399 745
155 423 775
176 220 975
85 268 592
67 324 144
190 286 113
238 325 743
203 312 611
372 396 63
327 396 365
203 219 243
100 371 249
29 238 797
416 465 443
279 447 648
148 177 580
60 138 992
17 261 76
42 88 145
104 279 469
175 465 753
40 215 169
27 201 156
10 85 693
93 206 472
299 315 505
446 453 37
149 322 120
322 454 846
196 459 128
216 252 657
299 376 193
36 403 263
15 435 119
121 493 152
15 344 876
123 480 9
423 437 885
242 441 757
198 302 243
162 385 334
123 492 679
83 394 386
109 277 454
98 150 52
354 432 508
190 401 141
194 344 287
174 331 937
82 296 881
182 272 433
236 256 530
70 415 311
46 333 445
20 97 826
14 412 833
1 177 983
35 445 366
269 370 547
84 281 332
141 281 501
223 247 815
161 361 232
26 240 562
259 464 577
55 435 823
59 426 923
365 439 646
167 221 83
173 451 43
86 99 417
293 361 155
114 294 916
173 207 201
58 380 804
91 344 381
198 463 592
220 490 954
240 429 181
55 460 182
465 479 495
289 388 425
186 457 382
45 214 693
81 142 312
466 496 366
61 290 489
135 159 219
336 492 323
102 281 805
118 127 105
92 163 138
49 433 108
231 236 496
28 209 544
217 436 436
39 309 290
4 314 868
56 284 17
165 275 912
110 459 188
133 348 832
234 406 650
207 210 775
308 420 721
7 199 957
207 461 190
100 210 136
78 238 893
115 415 572
147 343 751
339 495 626
114 185 419
80 98 856
209 489 645
76 165 151
441 473 815
244 246 3
40 283 133
253 386 852
168 312 282
68 387 562
96 204 812
309 464 45
16 209 261
78 361 31
11 12 56
460 499 197
6 342 523
44 407 284
80 287 57
378 440 809
66 262 121
307 436 926
106 452 330
100 467 36
15 116 446
99 177 312
136 480 124
87 410 254
23 435 431
173 277 757
216 394 665
12 471 476
7 325 209
75 450 792
63 106 188
29 200 736
3 315 31
197 275 108
9 196 716
175 177 24
19 57 92
44 157 115
254 472 225
137 167 748
296 370 536
142 413 41
103 178 981
219 362 808
211 276 182
367 423 668
120 451 420
162 249 624
291 365 771
29 369 73
127 383 568
11 488 230
124 457 639
160 259 179
124 477 686
101 365 32
247 362 291
179 491 0
187 431 623
35 218 310
219 224 557
264 292 376
336 405 431
366 492 726
177 420 404
307 485 505
306 412 571
218 394 781
69 233 71
86 381 62
119 300 141
109 479 185
82 379 980
19 156 494
459 486 122
383 463 330
228 450 599
65 97 839
113 183 553
192 324 153
213 495 11
69 220 843
68 467 151
10 315 264
249 391 540
23 387 44
38 121 67
252 352 812
62 456 551
184 300 616
27 217 220
110 208 861
90 363 90
4 158 932
173 242 810
257 311 653
14 372 900
21 407 338
260 481 34
37 382 641
10 133 637
4 109 391
160 449 71
36 459 949
225 475 387
328 380 7
272 455 7
123 497 62
14 212 238
96 419 347
174 363 558
132 269 12
67 179 722
366 448 254
263 384 647
100 279 137
120 323 611
138 455 645
209 219 777
143 208 292
249 276 2
13 152 271
171 374 104
186 201 391
200 422 215
64 457 871
413 482 877
185 350 558
354 370 409
105 210 374
291 458 66
477 483 571
215 233 491
221 258 544
183 318 173
85 440 484
27 261 28
6 115 173
14 131 354
112 432 412
139 379 112
257 318 401
35 47 187
325 493 59
353 433 407
252 407 93
190 269 33
323 435 276
161 418 315
149 279 932
88 302 935
105 256 222
234 346 404
175 293 420
298 348 187
146 297 167
239 420 173
116 299 605
156 364 534
100 417 261
156 200 429
104 199 788
327 460 196
334 482 753
148 401 904
340 436 550
22 484 681
219 372 601
290 443 369
174 279 208
211 322 78
2 87 575
121 382 916
170 293 160
281 375 912
51 363 228
48 387 257
90 289 605
5 89 489
267 385 936
105 123 359
336 388 234
232 451 666
35 388 515
269 297 87
386 390 390
52 169 296
255 301 200
234 390 594
100 374 588
25 286 353
368 391 275
81 420 499
85 295 619
351 495 139
169 395 445
298 494 179
243 447 196
426 463 945
271 326 19
419 485 480
79 234 126
47 358 624
473 496 598
53 491 539
30 300 706
128 160 938
0 110 728
58 487 194
152 480 856
115 198 55
343 422 759
128 449 100
65 470 592
389 466 592
157 452 724
87 490 205
189 231 456
338 390 750
196 467 291
316 444 233
362 458 66
232 319 402
418 477 781
193 389 947
349 471 47
341 465 679
114 399 760
27 266 771
17 94 41
115 495 97
351 474 974
217 446 379
79 266 1
52 497 237
150 370 331
14 68 197
378 491 513
29 219 912
36 303 498
189 286 109
43 295 499
75 204 733
204 261 363
361 422 451
61 442 162
185 488 203
18 374 56
278 296 511
260 389 220
177 298 818
480 497 138
62 235 903
40 392 276
326 474 734
147 364 643
376 392 363
90 268 616
53 296 860
277 457 558
294 365 538
130 413 927
11 351 46
82 448 126
108 171 678
205 273 615
142 222 190
284 418 250
269 444 610
197 402 353
342 460 891
56 157 636
26 189 458
157 401 240
12 67 548
213 423 432
36 375 571
97 154 141
21 137 572
346 481 936
132 445 691
124 269 641
181 218 183
277 393 668
108 390 520
106 247 315
41 439 735
133 294 916
270 435 876
196 463 140
351 389 880
85 417 717
123 402 429
150 208 367
232 386 339
188 415 229
0 292 604
307 312 539
207 277 385
414 476 260
122 235 509
97 193 486
176 313 63
201 342 377
71 192 984
111 395 893
177 179 439
249 319 740
155 375 833
165 334 182
248 421 307
103 367 244
30 78 450
51 95 466
65 95 58
114 284 556
10 448 243
162 255 957
62 244 286
285 457 495
357 399 177
230 236 484
447 471 96
93 306 453
355 383 138
205 480 415
34 333 947
189 194 983
100 203 919
164 474 395
93 438 820
5 335 449
308 314 129
183 433 436
240 382 636
178 306 404
146 204 707
124 483 744
251 419 306
19 488 692
117 392 752
80 120 381
422 496 301
293 338 453
97 174 869
61 259 355
19 114 207
258 427 366
201 373 301
283 312 76
485 488 269
109 266 199
100 464 895
402 424 218
156 311 434
0 73 384
223 394 569
167 171 545
135 176 197
141 276 354
388 403 695
37 245 258
4 489 247
214 483 761
225 413 354
276 460 71
70 279 799
92 121 888
237 389 279
197 412 627
15 396 23
146 159 62
168 468 661
168 438 911
82 231 895
323 399 426
109 197 367
316 490 529
169 278 809
1 289 966
40 449 218
114 275 241
320 363 764
209 376 693
45 334 120
154 180 603
178 343 188
15 78 684
183 295 607
9 333 385
196 337 213
60 387 25
145 416 274
51 468 266
153 330 804
363 441 939
437 490 770
140 351 285
26 271 222
63 224 806
391 451 305
204 461 408
97 251 48
126 264 708
124 154 788
45 91 318
119 222 168
89 282 148
282 343 974
207 226 195
115 446 504
230 404 750
14 484 413
124 393 917
62 413 159
63 395 264
230 317 862
113 446 590
19 159 334
273 398 207
282 481 872
158 187 862
384 446 242
353 484 169
162 487 49
16 41 652
37 84 187
200 443 413
149 436 553
461 497 182
128 476 483
9 168 46
275 356 680
154 298 961
69 483 578
117 286 994
61 481 531
482 489 981
216 344 808
248 317 95
128 359 581
91 481 377
308 458 656
412 461 896
12 238 51
350 469 737
126 210 891
20 137 996
3 421 89
179 429 544
48 194 188
3 433 129
233 369 273
14 384 221
455 470 257
14 82 228
248 314 691
204 497 847
274 417 214
236 486 220
275 379 174
153 416 136
252 472 362
64 403 798
39 318 807
160 311 852
2 122 576
46 420 442
201 295 364
382 491 992
298 385 496
41 62 606
272 276 473
96 103 931
54 250 369
57 351 762
92 464 699
258 478 178
167 207 921
369 385 456
78 450 210
139 305 557
140 417 483
134 385 840
95 320 381
53 419 371
228 492 928
106 186 26
263 376 961
156 162 953
139 167 60
182 200 630
320 334 469
140 412 759
67 423 125
34 419 667
145 310 20
30 336 333
46 70 760
443 459 971
121 497 910
201 443 585
53 253 381
121 263 20
11 110 367
109 464 765
6 97 367
309 408 261
35 457 45
53 112 40
134 483 265
75 131 335
204 383 415
200 486 764
131 259 635
152 279 819
229 358 469
390 392 632
343 465 993
372 414 856
71 145 727
398 461 415
12 478 331
171 210 312
323 479 869
241 328 145
209 291 843
146 153 686
47 126 506
212 304 258
241 403 610
348 357 191
256 494 237
113 213 132
66 254 354
266 290 972
431 494 325
309 368 106
62 214 67
38 238 892
319 343 626
106 434 450
126 160 569
315 391 271
241 466 839
112 284 125
161 440 119
40 106 296
159 341 810
313 472 767
42 314 296
242 427 393
44 378 64
8 291 116
373 397 680
190 288 112
61 453 641
130 471 233
158 339 16
3 173 973
211 369 507
81 223 435
109 139 905
63 426 752
47 88 584
86 469 99
11 334 13
196 240 578
252 342 384
101 337 40
125 243 343
256 274 934
58 62 29
6 22 592
64 463 601
75 85 540
123 488 914
295 459 899
195 410 681
133 146 49
36 291 568
39 381 280
458 478 63
140 407 775
68 260 890
155 235 253
194 244 868
161 246 126
326 429 389
125 484 810
77 214 168
50 331 993
4 338 428
1 372 765
179 226 293
62 458 732
16 141 416
90 389 545
33 229 673
95 295 373
281 448 550
15 49 222
165 487 840
373 467 65
23 236 708
217 252 914
39 333 434
86 460 967
49 421 81
279 370 10
0 407 464
329 381 334
23 422 138
112 205 752
179 326 733
94 397 172
171 231 191
42 52 112
394 460 376
339 386 784
382 407 968
2 17 434
24 376 687
77 491 132
157 496 782
109 431 227
156 322 198
166 251 937
0 162 260
55 401 728
120 265 501
154 353 257
272 326 908
295 400 496
77 451 101
143 484 764
163 283 279
260 353 839
27 265 140
360 385 902
10 463 232
127 410 384
103 122 14
87 146 576
272 486 856
116 258 504
374 419 128
138 394 922
162 466 276
84 171 879
60 496 356
373 455 24
63 457 873
43 361 135
82 458 934
361 381 573
222 294 583
217 231 419
196 246 162
175 389 143
243 283 420
217 364 220
438 455 586
320 355 300
350 495 317
128 241 785
137 215 812
28 129 852
133 271 986
234 378 230
52 365 348
275 439 423
183 409 705
158 442 426
125 357 515
238 244 902
291 361 127
200 421 788
116 251 393
247 409 705
371 424 947
291 396 166
259 318 518
29 302 425
61 142 804
280 358 444
299 414 524
375 437 239
83 408 951
54 484 999
395 479 504
190 423 118
118 154 761
13 340 838
11 442 910
142 336 173
40 181 125
9 80 777
410 465 325
113 265 12
75 369 207
83 146 547
364 426 274
316 428 306
311 422 222
169 281 340
232 413 291
390 440 13
259 446 516
51 407 858
9 420 320
200 456 968
139 295 240
36 69 524
145 389 817
140 205 698
397 473 546
185 267 188
298 480 674
22 113 937
128 283 514
163 258 742
240 284 645
219 287 112
47 99 250
308 376 906
93 276 492
323 475 53
387 450 825
38 223 163
164 358 248
263 285 720
124 430 500
393 493 868
4 269 503
49 143 379
210 438 643
260 346 543
254 435 629
290 401 366
33 78 887
287 394 91
397 430 459
183 431 326
200 327 647
150 427 448
22 37 675
379 485 575
63 206 750
247 401 646
14 228 873
180 234 991
3 374 561
65 112 858
149 179 922
7 81 49
49 157 211
194 434 731
248 433 322
222 360 513
108 181 246
31 295 897
24 387 827
117 492 276
211 267 297
302 355 918
68 223 148
24 251 768
368 392 963
144 248 627
378 443 980
443 458 16
114 233 596
242 374 635
281 431 245
200 391 520
7 72 953
229 333 302
132 381 994
38 365 797
254 348 640
11 418 390
84 209 763
50 440 823
219 398 117
157 197 829
263 495 334
244 354 404
105 270 14
309 436 731
170 333 697
69 164 139
28 490 542
363 417 110
207 317 424
204 336 877
10 257 587
319 484 251
57 110 814
221 355 495
18 354 470
62 386 552
267 391 271
88 423 863
191 322 968
93 232 706
374 469 941
160 221 394
218 367 336
119 124 884
234 445 499
186 475 685
102 121 878
119 165 929
18 168 659
17 26 424
195 494 916
69 274 728
120 454 654
421 468 779
130 259 961
134 465 94
322 329 918
80 127 945
102 255 75
136 265 594
393 398 777
176 342 44
233 269 746
8 481 892
208 405 856
186 469 227
230 292 395
161 316 86
232 277 72
44 56 88
288 334 137
157 311 909
33 376 270
191 310 251
21 231 830
23 210 75
88 227 443
0 319 817
151 479 503
81 248 296
110 344 903
4 287 244
235 383 81
361 373 946
188 431 434
344 491 302
62 157 81
103 165 969
219 299 262
76 196 948
178 308 309
40 227 267
239 439 894
175 196 402
42 240 916
87 128 329
71 184 993
383 488 312
106 201 260
5 408 11
193 364 727
26 105 393
203 320 325
51 415 114
446 472 734
44 409 493
175 383 871
93 491 195
195 474 512
152 356 46
145 466 578
167 325 278
260 266 941
131 412 901
133 490 475
295 298 17
6 264 135
69 190 832
42 66 71
432 489 876
108 219 53
67 216 625
66 84 327
33 210 94
65 373 446
279 341 293
186 299 363
193 402 4
147 459 908
340 450 904
207 448 484
12 194 833
93 302 153
10 99 484
73 107 98
154 290 327
69 218 815
235 476 322
204 489 505
45 74 381
287 356 363
54 493 749
245 334 869
187 367 267
9 462 497
2 108 817
44 483 261
25 303 505
27 243 369
44 168 170
275 318 278
201 461 345
231 339 857
300 460 857
64 355 36
137 144 946
201 231 483
164 374 735
50 213 329
240 470 616
112 399 957
257 369 423
284 372 362
135 283 675
371 472 664
325 463 92
20 108 262
33 338 245
3 116 23
245 419 190
258 450 958
162 204 954
204 416 118
144 420 195
123 295 786
306 478 677
386 417 963
188 356 863
73 279 992
204 375 237
226 286 217
94 407 575
108 326 169
469 494 371
286 326 741
169 310 545
13 107 978
128 278 645
78 222 774
62 450 636
151 241 952
244 387 718
173 270 231
155 203 248
385 392 583
394 489 889
61 307 286
151 240 458
34 194 23
39 61 874
32 401 180
91 332 191
405 439 511
56 343 623
24 289 913
181 409 760
5 175 847
170 438 809
292 295 630
52 467 828
55 406 251
76 378 241
117 423 256
360 420 337
407 419 516
248 339 231
25 354 656
311 423 709
3 484 258
206 268 956
66 422 859
109 124 679
20 264 438
175 260 397
228 363 663
211 308 9
31 332 48
17 305 287
86 371 786
46 258 828
16 457 99
332 493 60
220 475 631
49 473 437
34 276 180
328 389 452
270 455 443
59 243 516
161 434 117
358 402 845
90 298 245
309 359 376
237 378 215
89 227 171
76 357 856
72 470 373
11 312 82
270 493 817
20 305 146
163 324 902
217 307 105
115 467 768
79 499 677
127 142 591
129 291 549
219 281 668
5 257 665
353 462 0
69 430 687
106 347 142
32 51 790
15 253 144
4 20 581
79 452 740
50 165 441
138 436 433
2 127 623
118 348 316
340 389 681
441 483 588
179 254 473
7 105 371
69 411 78
74 392 313
10 84 197
87 212 714
76 306 714
248 273 814
38 446 411
347 418 734
5 390 341
24 336 547
408 421 474
117 227 25
105 259 938
69 255 474
51 264 184
9 295 719
155 279 271
349 486 548
399 491 881
264 413 471
26 50 314
61 271 587
408 449 496
219 309 89
401 490 434
321 462 601
121 185 358
187 372 893
316 449 798
18 443 818
168 405 383
47 102 282
100 114 315
34 347 44
275 277 583
81 408 205
140 392 551
47 196 647
174 444 889
89 338 803
24 175 1
134 223 295
260 272 545
268 309 508
48 288 965
244 449 806
24 365 739
333 352 235
133 336 189
67 415 119
85 303 954
368 465 646
135 452 318
253 380 756
46 351 52
274 294 952
424 490 343
23 112 926
19 281 985
62 407 113
18 130 983
48 415 158
148 355 916
138 233 966
215 389 192
44 301 847
67 241 257
111 407 323
197 351 622
9 253 358
88 410 987
262 475 655
348 377 874
114 421 607
324 398 891
64 413 694
200 332 47
203 400 330
144 345 814
166 266 492
66 326 84
96 219 789
47 326 27
116 316 116
119 316 396
223 488 659
190 485 78
58 437 372
13 24 77
25 311 180
89 116 655
158 220 398
54 173 880
268 402 65
281 487 764
164 282 532
248 313 834
96 142 989
47 239 861
17 271 507
351 352 82
155 369 756
109 454 728
171 340 668
83 158 129
375 392 564
152 194 10
319 449 878
328 487 59
306 431 995
202 268 484
80 336 360
16 220 846
156 227 680
98 167 676
199 356 479
112 426 158
207 444 183
5 248 336
261 271 261
217 400 970
39 102 295
32 143 577
294 357 602
270 326 996
49 116 840
36 52 173
84 134 706
0 70 204
57 207 196
209 215 869
319 339 863
88 127 182
2 442 655
241 278 756
234 456 648
417 469 55
397 498 301
383 474 126
5 270 758
4 354 466
285 292 560
129 149 980
99 260 462
146 487 137
238 316 233
189 474 909
156 385 458
157 379 824
100 156 838
133 137 782
167 259 241
24 80 122
268 380 540
172 224 236
226 369 188
212 488 97
91 308 133
189 348 994
250 376 668
361 370 424
63 478 1
170 258 664
53 260 344
0 91 20
461 463 632
8 201 850
5 494 512
221 488 530
325 459 580
205 481 763
101 125 254
387 407 977
371 482 356
248 479 475
247 493 275
77 81 603
432 488 253
221 235 771
179 214 246
77 205 361
255 400 368
229 369 428
174 285 903
150 362 315
101 364 910
58 436 164
187 331 945
183 304 352
485 489 163
11 406 379
446 451 844
58 138 54
238 356 923
200 312 655
113 398 933
144 302 980
281 433 702
0 349 319
35 337 999
279 442 969
12 32 906
251 448 964
273 384 896
227 386 144
214 224 267
199 468 135
6 94 691
20 210 388
293 460 157
229 351 263
131 461 261
6 279 171
227 388 609
130 244 532
337 454 620
111 132 231
268 479 306
11 414 492
225 478 705
277 285 562
93 234 808
175 420 204
242 460 729
313 322 604
212 376 773
74 197 653
58 59 870
136 363 260
56 120 835
54 326 663
72 373 334
224 403 266
154 470 75
3 442 966
167 188 386
90 170 780
170 230 169
187 192 258
146 422 642
264 337 328
122 335 647
416 459 219
280 492 240
111 426 765
124 472 805
82 243 492
17 362 800
195 430 64
288 354 34
359 405 123
338 346 662
118 246 873
156 263 509
271 300 313
214 499 640
4 488 687
5 394 756
45 210 417
139 336 669
16 184 579
216 441 740
81 354 563
67 407 205
395 473 480
428 467 50
129 341 870
154 335 328
80 246 611
251 391 645
0 250 882
5 182 919
138 187 128
46 438 96
245 331 687
160 342 602
430 436 533
194 218 698
105 126 927
288 299 711
7 413 937
85 470 284
74 468 250
67 113 932
222 299 672
55 159 969
187 481 311
257 390 601
266 371 886
181 313 147
370 453 439
16 350 845
72 168 218
44 149 1
26 425 429
179 444 296
49 307 779
350 473 213
356 448 178
5 187 703
7 82 43
22 323 756
134 311 897
97 378 897
166 434 115
78 411 900
88 320 948
163 363 434
102 312 212
160 277 228
273 369 695
268 390 82
323 436 109
197 229 394
114 202 407
196 231 268
118 169 200
239 323 607
65 380 474
156 217 534
12 302 958
254 360 787
55 66 633
166 462 363
311 381 121
86 91 938
57 135 438
281 373 293
73 122 108
93 420 986
153 381 40
335 356 603
365 472 379
219 464 412
33 399 53
210 307 227
229 396 416
89 400 922
57 389 96
230 370 59
151 225 235
207 327 395
243 249 903
385 409 922
37 422 191
135 381 198
2 484 884
65 389 863
187 417 336
72 360 685
190 279 649
3 398 201
186 459 702
218 436 74
9 84 752
269 271 765
99 185 984
25 495 34
29 394 552
285 306 413
161 351 77
74 193 781
151 445 848
98 297 739
87 258 545
374 475 449
160 189 152
122 221 566
20 206 771
74 88 295
152 264 100
221 487 8
149 189 669
100 346 79
82 490 673
255 390 368
75 272 755
4 30 247
13 196 397
295 379 144
356 421 16
229 384 6
78 120 640
191 237 129
192 370 145
144 267 553
