0
1
2
3
4
5
6
7
8
9
10
11
12
13
14
15
16
17
18
19
#
1 0 9
2 1 18
3 1 32
4 0 38
5 3 29
6 0 5
7 0 2
8 3 23
9 7 9
10 0 12
11 6 9
12 9 37
13 12 13
14 13 38
15 11 15
16 9 26
17 0 27
18 8 33
19 1 29
7 12 33
5 16 25
8 11 34
1 17 33
4 8 28
4 10 36
3 10 2
6 9 24
1 13 17
13 18 21
13 15 25
3 14 16
5 9 35
9 14 21
15 17 25
4 11 18
2 5 32
6 16 17
4 18 21
11 17 28
17 18 17
14 17 24
9 11 25
2 18 39
8 12 20
8 15 8
10 13 6
1 15 32
1 11 30
11 18 17
10 16 0
15 19 6
12 18 15
14 19 23
0 9 25
3 6 26
14 18 20
4 6 14
6 14 3
3 19 27
5 17 32
7 19 25
0 3 24
5 15 14
2 11 39
4 12 15
16 18 12
9 13 37
